255.784192
255.847385
256.001423
256.149769
256.295962
256.459769
256.628885
256.790769
256.946692
257.074077
257.161692
257.220269
257.267269
257.292846
257.335808
257.351769
257.352923
257.351462
257.342731
257.289269
257.175538
257.045577
256.941115
256.838077
256.722885
256.634962
256.576538
256.502308
256.340885
256.182577
256.033615
255.871808
255.728885
255.582577
255.432769
255.263308
255.090962
254.919769
254.735538
254.554808
254.437269
254.373538
254.330962
254.282346
254.241077
254.186577
254.116769
254.083885
254.107500
254.097000
254.071692
254.048692
254.011269
253.979000
253.967923
253.964000
253.948346
253.944269
253.952615
253.972500
253.991846
254.044115
254.111385
254.191654
254.314654
254.454231
254.509731
254.518000
254.524500
254.541038
254.565269
254.602885
254.655692
254.689346
254.666692
254.675769
254.711308
254.745269
254.778769
254.805231
254.827231
254.854346
254.888346
254.922808
254.959885
255.001846
255.044462
255.122962
255.188692
255.247423
255.299115
255.342231
255.386692
255.432000
255.482923
255.552385
255.652038
255.743962
255.813962
255.878000
255.938462
255.999077
256.049962
256.097000
256.136192
256.178385
256.222846
256.276154
256.332000
256.389923
256.450538
256.520000
256.597423
256.614346
256.635385
256.673731
256.717462
256.764115
256.814000
256.904077
256.969385
256.996615
257.004462
257.031385
257.091615
257.156885
257.219808
257.302385
257.387808
257.481692
257.571000
257.644115
257.710962
257.758346
257.802308
257.862346
257.926692
257.976769
258.002538
258.033269
258.078423
258.123808
258.164423
258.214615
258.264115
258.270654
258.293231
258.329423
258.353462
258.366808
258.365115
258.363308
258.365615
258.349615
258.347077
258.350077
258.362308
258.379577
258.403808
258.462615
258.528731
258.576846
258.618346
258.708308
258.974115
259.301346
259.625077
260.010269
260.388000
260.814923
261.321731
261.889231
262.532962
263.174654
263.771269
264.021115
264.077654
264.130500
264.183077
264.235808
264.281346
264.315423
264.354115
264.398846
264.437231
264.447269
264.455885
264.470077
264.485577
264.453885
264.257000
264.003308
263.742077
263.426500
263.129385
262.776962
262.339962
261.838731
261.261846
260.689538
260.157231
259.972538
259.986500
260.006654
260.026885
260.045577
260.062962
260.082577
260.103538
260.127423
260.153385
260.180423
260.185769
260.192115
260.201231
260.219500
260.244538
260.278692
260.320731
260.352038
260.370500
260.389654
260.412000
260.441500
260.472231
260.503538
260.541462
260.580962
260.617462
260.649615
260.680692
260.714077
260.751077
260.788769
260.823038
260.860038
260.902654
260.950308
261.013962
261.070115
261.123231
261.167962
261.203923
261.245654
261.288462
261.334923
261.399000
261.463077
261.534385
261.617385
261.699038
261.781038
261.874154
261.978231
262.080769
262.180154
262.274308
262.356154
262.452731
262.523538
262.570731
262.609192
262.653885
262.700038
262.746769
262.795692
262.834308
262.875846
262.917346
262.950500
262.982038
263.006346
263.017462
263.033269
263.049577
263.059923
263.068769
263.077038
263.076038
263.073346
263.077577
263.085154
263.096769
263.120231
263.132346
263.172808
263.233692
263.284077
263.315923
263.339000
263.372538
263.418577
263.472962
263.528808
263.592962
263.662731
263.742500
263.830500
263.918577
264.000423
264.083692
264.162846
264.233308
264.306577
264.382692
264.444962
264.497846
264.536462
264.567346
264.589654
264.608423
264.616000
264.622346
264.647000
264.685077
264.732385
264.765654
264.794538
264.828308
264.847423
264.856769
264.863923
264.858423
264.848154
264.841615
264.838731
264.830385
264.820231
264.820077
264.816846
264.805538
264.793846
264.783538
264.791000
264.806615
264.825038
264.841231
264.865577
264.896038
264.923038
264.942231
264.956808
264.975346
264.985231
264.989654
265.007346
265.034038
265.060500
265.092423
265.123654
265.151423
265.174577
265.193962
265.216192
265.310077
265.377769
265.403577
265.441308
265.484115
265.541846
265.592346
265.635962
265.686923
265.740654
265.789269
265.837615
265.882308
265.925385
265.966769
266.003115
266.039154
266.077923
266.120269
266.161923
266.201231
266.239154
266.278462
266.317846
266.357154
266.394769
266.359231
266.349577
266.383654
266.411269
266.438269
266.446038
266.459885
266.485808
266.506885
266.523846
266.545923
266.565500
266.590462
266.616269
266.645115
266.677962
266.710538
266.740038
266.764615
266.792231
266.818038
266.844615
266.869538
266.895885
266.921731
266.947154
266.973577
266.997615
267.027000
266.894500
266.639846
266.335038
266.010192
265.679346
265.324346
264.964385
264.615038
264.285885
263.950885
263.609038
263.276308
262.937077
262.564923
262.168731
261.720615
261.248154
260.761269
260.252115
259.736346
259.216192
258.692923
258.111577
257.463923
256.799577
256.145000
255.642077
255.219500
254.801154
254.370731
253.908423
253.450692
253.010423
252.569308
252.073692
251.545154
250.990038
250.408231
249.811538
249.235577
248.702308
248.212269
247.735308
247.235538
246.772269
246.513077
246.450308
246.404538
246.528615
246.784885
247.005923
247.165538
247.249577
247.279923
247.319769
247.390269
247.466692
247.530269
247.551385
247.547231
247.602654
247.707385
247.846423
248.021346
248.246000
248.472346
248.642231
248.821077
248.987654
249.195962
249.395654
249.379192
249.189462
249.088615
249.023962
248.975962
248.995000
249.058962
249.209462
249.333423
249.426808
249.560385
249.774885
250.005038
250.230692
250.493885
250.709462
250.893077
251.069192
251.250885
251.439077
251.615885
251.911923
252.208115
252.519615
252.827654
253.199692
253.614000
254.016885
254.343577
254.572692
254.769885
254.912692
254.977462
255.035308
255.184577
255.396654
255.592769
255.740923
255.901308
256.081885
256.269923
256.458231
256.592115
256.699346
256.775692
256.816500
256.881538
256.858923
256.821346
256.781962
256.716038
256.518462
256.310423
256.127462
255.921269
255.685538
255.466769
255.293077
255.183192
255.068769
254.941654
254.748538
254.492038
254.220192
253.966615
253.740154
253.438538
253.137038
252.915385
252.773038
252.625615
252.465308
252.296654
252.169038
252.083615
251.992346
251.945115
251.927654
251.893577
251.848192
251.766692
251.617692
251.381731
251.135885
250.907885
250.700615
250.488154
250.308692
250.154346
250.021923
249.844000
249.618115
249.426615
249.304269
249.169154
248.971423
248.800769
248.633500
248.461846
248.256538
248.002423
247.742462
247.457654
247.220154
246.965385
246.657885
246.391000
246.173654
245.977846
245.810000
245.632038
245.428577
245.244538
245.093231
244.959385
244.818808
244.707462
244.626192
244.571462
244.487192
244.393923
244.292962
244.181154
244.077885
243.978192
243.896962
243.846385
243.829692
243.818385
243.782385
243.752000
243.734269
243.712962
243.625769
243.491115
243.369000
243.308923
243.276038
243.270962
243.283846
243.290654
243.344192
243.420115
243.500885
243.566462
243.601154
243.621692
243.657615
243.711500
243.786192
243.855577
243.896654
243.951577
243.999423
244.049500
244.103808
244.169000
244.227808
244.259885
244.348000
244.485462
244.593115
244.633577
244.638923
244.640577
244.623885
244.608231
244.528885
244.419885
244.326192
244.212038
244.108654
244.045038
243.966192
243.828846
243.675731
243.553462
243.455615
243.334231
243.201192
243.054654
242.887115
242.717346
242.623308
242.573962
242.533808
242.489231
242.439192
242.415500
242.449885
242.477538
242.493231
242.507769
242.549154
242.614885
242.659462
242.725154
242.789577
242.852654
242.978654
243.163192
243.291192
243.338615
243.350038
243.371731
243.395308
243.441154
243.531154
243.617538
243.626462
243.599962
243.576423
243.526846
243.465308
243.402269
243.294692
243.184115
243.095615
243.020923
242.951692
242.875231
242.812538
242.764654
242.740615
242.736538
242.698269
242.614308
242.601154
242.661192
242.744808
242.809846
242.883577
242.972500
243.108077
243.345154
243.647654
244.020462
244.359500
244.646769
244.869231
245.065769
245.260846
245.448077
245.603962
245.728077
245.826769
245.918154
246.001923
246.070731
246.124962
246.130038
246.136923
246.186154
246.222808
246.245923
246.262654
246.262115
246.266000
246.249192
246.155769
245.977731
245.771654
245.525615
245.316654
245.216615
245.198192
245.163923
245.105077
245.056538
245.040346
245.070000
245.118346
245.160154
245.197500
245.219923
245.217962
245.263538
245.303769
245.309885
245.301346
245.270308
245.207500
245.171346
245.123192
245.085115
245.051654
245.000846
244.940692
244.851269
244.751192
244.621538
244.493385
244.412346
244.360731
244.313808
244.254654
244.173923
244.084615
244.003385
243.931038
243.897538
243.897385
243.895692
243.885577
243.876692
243.877615
243.900038
243.970923
244.060692
244.136654
244.104115
244.032577
243.972808
243.901231
243.823077
243.751308
243.671962
243.594577
243.506038
243.415462
243.321654
243.228923
243.103423
242.949038
242.759692
242.549885
242.316231
242.072692
241.783308
241.473346
241.153500
240.837192
240.549923
240.241885
239.906846
239.563692
239.311269
239.112923
238.942038
238.795192
238.664308
238.504577
238.339000
238.154846
237.959962
237.769269
237.586154
237.398885
237.234615
237.089385
236.968077
236.853846
236.734231
236.615808
236.535808
236.482346
236.446269
236.406077
236.338692
236.276885
236.232154
236.210731
236.186192
236.157846
236.081423
235.986538
235.893885
235.819577
235.757538
235.701577
235.642615
235.583885
235.514269
235.853115
236.276654
236.629115
237.048231
237.545038
238.060192
238.527038
238.942423
239.272038
239.583000
239.888885
240.194269
240.504077
240.817423
241.156231
241.536538
241.940846
242.362654
242.755769
243.125846
243.494231
243.884615
244.295346
244.717000
245.151269
245.608423
245.663115
245.585885
245.560385
245.463731
245.277231
245.073308
244.945846
244.882885
244.923115
244.981385
245.041538
245.109808
245.182231
245.238000
245.258962
245.222769
245.156538
245.098538
245.090385
245.130115
245.196423
245.235577
245.258692
245.274038
245.283615
245.296346
245.326769
245.436308
245.554423
245.650577
245.735885
245.800731
245.820346
245.797500
245.761692
245.741000
245.732962
245.725846
245.719423
245.724654
245.738692
245.770154
245.810962
245.845385
245.863154
245.858500
245.831346
245.810846
245.791692
245.775423
245.752346
245.694731
245.608115
245.500269
245.413654
245.358538
245.333500
245.319231
245.318538
245.332654
245.332692
245.333077
245.339500
245.355538
245.374192
245.386192
245.393385
245.403538
245.435808
245.543154
245.677962
245.925231
246.248923
246.881846
247.604692
248.221038
248.821923
249.400538
249.924385
250.441346
250.980692
251.583385
252.268423
253.091731
253.903808
254.581269
255.199192
255.806808
256.426115
257.097500
257.828769
258.598577
259.298308
259.968038
260.636846
261.216385
261.736308
262.100038
262.392846
262.379269
262.277308
262.258154
262.252115
262.335808
262.561308
262.839962
263.121885
263.361577
263.511385
263.474654
263.426423
263.491962
263.603231
263.720615
263.825577
263.863808
263.803731
263.650308
263.559731
263.486692
263.333962
263.165500
263.016269
262.915885
262.852577
262.802423
262.744269
262.681346
262.600577
262.423885
262.143538
261.807231
261.439846
261.059269
260.692077
260.404538
260.137615
259.886615
259.633462
259.332231
259.022692
258.711462
258.433154
258.216269
257.988885
257.758308
257.566500
257.401615
257.242808
257.105385
256.915538
256.681308
256.442000
256.199231
255.989154
255.855115
255.750769
255.662885
255.569385
255.453654
255.315462
255.156000
255.007192
254.866154
254.739308
254.667731
254.660577
254.668269
254.672346
254.674269
254.708615
254.747769
254.801385
254.863923
254.929308
254.963462
255.036231
255.127615
255.196577
255.316846
255.526462
255.785308
255.997500
256.132385
256.260077
256.409231
256.565769
256.734038
256.903038
257.088538
257.299731
257.452308
257.503192
257.554962
257.623269
257.692769
257.790077
257.963308
258.196077
258.525077
258.825231
259.420532
259.990179
260.552012
261.170504
261.590308
261.967935
262.194964
262.469992
262.748073
262.990149
263.145769
263.365389
263.623022
263.869193
264.061025
264.211599
264.379865
264.587852
264.723355
264.840628
264.936055
264.959468
264.894047
264.784589
264.595051
264.436974
263.996111
263.657771
263.327788
262.899001
262.588897
262.219470
261.926807
261.724469
261.792471
261.972541
262.238752
262.451193
262.492799
262.512239
262.644023
262.719919
262.787980
262.845934
262.963601
263.020389
263.115847
263.172296
263.246073
263.301656
263.384470
263.454217
263.583401
263.575985
263.646111
263.791728
263.995192
264.189720
264.476536
264.667696
264.583079
264.438362
264.229539
264.062012
263.977248
263.895841
263.763035
263.714644
263.647163
263.575287
263.445904
263.387768
263.256795
263.199114
263.082219
262.948665
262.727437
262.508680
262.175600
261.876599
261.538838
261.190514
260.822333
260.464962
259.938612
259.417593
258.983875
258.511753
258.070181
257.627343
257.218858
256.829182
256.456579
256.134927
255.800340
255.448401
255.114269
254.769768
254.430852
254.077429
253.828386
253.550851
253.313251
253.086247
252.866506
252.586523
252.313621
252.068169
251.778239
251.486435
251.253788
251.043877
250.812674
250.602375
250.445349
250.248294
250.087842
250.037516
249.974017
249.830951
249.721403
249.633600
249.532359
249.430729
249.438987
249.421928
249.334262
249.291747
249.285358
249.334812
249.435932
249.537536
249.612542
249.670663
249.784595
249.889497
250.086344
250.225526
250.521677
250.835328
251.082332
251.332288
251.614461
251.770528
251.842505
251.943096
252.015538
252.055582
252.189339
252.336879
252.339121
252.381188
252.459858
252.516211
252.535020
252.488688
252.463787
252.498645
252.512935
252.507621
252.542127
252.606205
252.550190
252.529103
252.373415
252.228747
252.157121
252.100547
251.958522
251.832476
251.760922
251.730084
251.762657
251.859222
251.949206
252.025795
252.168131
252.258656
252.319364
252.459795
252.550640
252.650781
252.701972
252.676483
252.646103
252.637793
252.584335
252.510334
252.474098
252.450928
252.423001
252.424223
252.379484
252.316742
252.226945
252.117611
252.041573
251.898712
251.721879
251.513451
251.293268
251.072591
250.836877
250.645780
250.469327
250.235466
250.029177
249.780647
249.572229
249.464709
249.431449
249.395725
249.406592
249.404015
249.344968
249.240060
249.059279
248.838330
248.656842
248.502068
248.424995
248.350875
248.245233
248.165699
248.080801
248.009127
248.061537
248.128041
248.165119
248.209392
248.250011
248.272492
248.313189
248.377476
248.431604
248.461514
248.415642
248.355292
248.261072
248.156982
248.119320
248.114453
248.190794
248.293955
248.411601
248.525857
248.537371
248.565469
248.569375
248.535783
248.540910
248.527506
248.353924
248.166742
248.026372
247.878497
247.705593
247.584523
247.458629
247.351387
247.255538
247.173856
247.097237
247.008210
246.922101
246.859306
246.770912
246.700059
246.619243
246.502866
246.347990
246.169790
246.105151
246.051136
246.060827
246.111060
246.118608
246.131464
246.124549
246.127704
246.126003
246.159637
246.259856
246.326380
246.390802
246.425426
246.387966
246.336340
246.306027
246.302602
246.292681
246.287088
246.291585
246.276082
246.241246
246.215151
246.181721
246.145650
246.061281
245.945581
245.777055
245.605486
245.497542
245.385026
245.400595
245.433907
245.401804
245.341872
245.223966
245.126143
245.029807
244.974717
245.010887
245.047056
245.027605
244.966670
244.923777
244.886607
244.909166
244.934186
244.951519
244.974748
245.084466
245.215120
245.320460
245.446506
245.529984
245.593748
245.655401
245.685922
245.608745
245.503754
245.484099
245.484067
245.537142
245.581538
245.621751
245.650517
245.612946
245.580173
245.595029
245.620217
245.655331
245.680394
245.644344
245.651357
245.772305
245.874715
245.868921
245.844832
245.822048
245.791098
245.820618
245.865432
245.864360
245.898992
245.972602
246.034362
246.113930
246.128787
246.133335
246.126480
246.125984
246.097849
246.081812
246.056779
246.050172
246.074719
246.069884
246.036456
246.003757
245.889958
245.710917
245.544519
245.420055
245.289288
245.190340
245.101014
244.999491
244.902385
244.836599
244.754178
244.614172
244.490791
244.353789
244.261875
244.117401
243.962695
243.822598
243.713397
243.585286
243.461374
243.315082
243.191913
243.078524
242.983834
242.884949
242.824103
242.732270
242.653712
242.611548
242.587039
242.609316
242.630138
242.700850
242.813782
242.874703
242.922232
243.047491
243.167975
243.324641
243.497589
243.690235
243.893408
244.119030
244.341395
244.588634
244.799626
245.012174
245.204340
245.386721
245.578995
245.784247
245.976915
246.144740
246.316008
246.418727
246.510094
246.563484
246.617160
246.657800
246.631741
246.719758
246.837801
246.951187
246.991027
247.041946
247.103151
247.169721
247.235995
247.264535
247.325502
247.491359
247.687944
247.852788
248.014893
248.184428
248.316094
248.452811
248.566975
248.729331
248.874970
249.080868
249.244889
249.405143
249.601243
249.798890
250.021015
250.211511
250.321730
250.388823
250.554374
250.693359
250.805777
251.022773
251.227114
251.411478
251.546723
251.594779
251.648354
251.756151
251.819112
251.795816
251.760688
251.703145
251.680738
251.662645
251.646375
251.591846
251.585245
251.569702
251.518028
251.388222
251.249354
251.032611
250.903423
250.778074
250.627813
250.453942
250.262852
249.950377
249.667679
249.447908
249.244830
249.010550
248.773675
248.491149
248.238287
248.077027
247.965468
247.881183
247.817338
247.733624
247.627967
247.510587
247.387154
247.242166
247.113620
247.035049
246.943250
246.897837
246.845146
246.776324
246.704383
246.608593
246.530830
246.468235
246.388518
246.283133
246.161174
246.059202
245.954126
245.869178
245.799404
245.708196
245.606049
245.490652
245.343300
245.191649
245.060117
244.948334
244.803048
244.687793
244.570949
244.460838
244.373017
244.273614
244.174963
244.080933
243.983619
243.959814
243.935200
243.947783
243.965429
243.981124
243.998847
244.026547
244.059946
244.057130
244.024067
244.001239
243.981617
243.973402
243.976703
243.974874
243.984049
243.992795
244.044031
244.097284
244.135685
244.195216
244.243073
244.285623
244.357499
244.443413
244.535733
244.574036
244.706512
244.820416
244.918718
244.976197
245.048221
245.112193
245.230630
245.371586
245.574783
245.846391
246.125732
246.373133
246.591623
246.866891
247.123620
247.361615
247.590622
247.775156
248.012652
248.290568
248.548564
248.813056
249.047471
249.306612
249.588117
249.874948
250.077437
250.295593
250.524287
250.703490
250.886273
251.010539
251.077121
251.143478
251.177840
251.169133
251.129372
251.051210
251.054264
251.006450
250.966172
250.897056
250.909878
250.971498
250.982779
250.887697
250.824210
250.768756
250.743276
250.717096
250.711618
250.725556
250.729664
250.717155
250.634299
250.605554
250.594947
250.620121
250.648513
250.727114
250.842045
250.904421
250.985987
251.130048
251.221805
251.369722
251.521892
251.792434
251.989121
252.048753
252.105763
252.177895
252.253282
252.358009
252.391012
252.384563
252.335048
252.234981
252.128999
252.021427
252.005775
252.006842
251.986193
251.981083
252.001355
252.020562
251.963746
251.981493
252.011105
252.004285
251.941689
251.830183
251.709786
251.480271
251.242673
251.163302
251.057364
250.986475
250.918170
250.797858
250.719296
250.686481
250.684051
250.709398
250.691745
250.657939
250.602560
250.562372
250.465563
250.447583
250.375332
250.339084
250.342529
250.298977
250.253240
250.215708
250.227859
250.226599
250.229978
250.270042
250.330892
250.329002
250.372301
250.412731
250.447321
250.517456
250.555909
250.572334
250.575260
250.568547
250.610748
250.701497
250.846299
250.960892
251.073004
251.134835
251.225554
251.286525
251.343385
251.448519
251.561023
251.703272
251.851614
252.033460
252.348586
252.611845
252.922396
253.416713
253.892409
254.328114
254.720269
255.040011
255.399815
255.823470
256.230240
256.726476
257.246723
257.708112
258.081384
258.564245
259.106209
259.625942
260.166334
260.622541
261.025026
261.347521
261.664830
262.085375
262.566556
263.065810
263.412274
263.748597
264.016843
264.015177
264.085848
264.203286
264.417645
264.702630
264.979235
265.105110
265.243889
265.297118
265.212314
265.133388
265.088526
265.027818
265.023624
264.947504
264.825533
264.777744
264.787789
264.779978
264.682331
264.481404
264.223461
263.869343
263.534734
263.323484
263.106822
263.039928
263.075999
263.096362
263.063353
262.887015
262.833048
262.787567
262.701559
262.655165
262.722794
262.765053
262.776128
262.657994
262.442480
262.332800
262.248311
262.151022
262.108168
262.084329
262.156899
262.295971
262.431422
262.594220
262.706262
262.820378
262.928639
263.189345
263.274746
263.412492
263.574754
263.949329
264.236279
264.684931
265.161204
265.618170
266.104160
266.668099
267.336196
268.072088
268.848848
269.541989
270.284978
271.170343
271.920093
272.637955
273.349243
273.935462
274.635369
275.299284
275.999205
276.597257
277.206576
277.528003
277.886828
278.360782
278.763042
279.046163
279.294537
279.420130
279.433262
279.379938
279.375330
279.203613
278.958925
278.672903
278.351460
278.052069
277.706814
277.228896
276.832158
276.585869
276.271771
276.007092
275.567222
275.151932
274.751389
274.370179
273.977486
273.724635
273.441485
273.097174
272.800042
272.591868
272.339209
272.150232
272.197270
272.324882
272.374754
272.472133
272.623518
272.863454
273.103800
273.313374
273.518964
273.684417
273.802395
273.896813
274.096222
274.265182
274.495647
274.736876
275.000160
275.220101
275.453190
275.665061
275.869835
275.886331
275.880012
275.830762
275.725754
275.585832
275.322356
275.151154
275.014898
275.020237
274.950902
274.779834
274.643779
274.487307
274.337744
274.206519
274.073901
274.007962
273.904841
273.873111
273.804976
273.742715
273.511146
273.379545
273.246280
272.976955
272.633601
272.303888
271.971177
271.680224
271.489516
271.336142
271.131585
270.705463
270.198236
269.716089
269.254609
268.796390
268.307807
267.829819
267.361464
266.938967
266.565338
266.022389
265.429378
264.831313
264.246228
263.671118
263.243261
262.807388
262.405167
262.088510
261.797336
261.599100
261.426677
261.149049
260.818296
260.443054
260.150907
259.924602
259.744454
259.487115
259.274832
259.114265
259.005005
258.943051
258.864554
258.730624
258.549090
258.381993
258.231276
258.061299
257.914747
257.756008
257.617374
257.479198
257.277330
257.085694
256.942603
256.708801
256.428429
256.191441
256.003962
255.854203
255.672532
255.527821
255.351108
255.153995
254.967810
254.805639
254.622526
254.420526
254.200487
253.950605
253.689183
253.496052
253.336604
253.178012
253.045368
252.975146
252.924397
252.785865
252.677372
252.655263
252.669348
252.670308
252.651311
252.642534
252.637374
252.646969
252.639705
252.587930
252.541761
252.561800
252.525856
252.522565
252.509625
252.641237
252.766558
252.960833
253.214252
253.455321
253.595201
253.716036
253.800976
253.805078
253.769603
253.781737
253.782094
253.729253
253.594013
253.636864
253.746242
253.802145
253.799200
253.784422
253.705805
253.678562
253.677716
253.648021
253.618290
253.538793
253.492722
253.324563
253.180733
253.160291
253.077972
252.956671
252.836115
252.819263
252.812359
252.797808
252.747865
252.641953
252.451557
252.274374
252.143395
252.013129
251.826275
251.662911
251.555477
251.277989
251.081199
250.910097
250.693069
250.467795
250.227564
250.053508
249.855677
249.697627
249.586341
249.257261
248.984629
248.717107
248.550030
248.208562
247.868332
247.588482
247.294015
247.088574
246.979394
246.836009
246.705427
246.477734
246.266193
246.113680
245.964086
245.951103
245.972502
245.941640
245.888793
245.875655
245.877511
245.805968
245.722845
245.628125
245.472149
245.441914
245.417107
245.442736
245.426893
245.452187
245.439656
245.430217
245.470787
245.505144
245.574516
245.740994
245.791606
245.860199
245.969230
246.075487
246.236285
246.410426
246.562647
246.673968
246.853199
246.953036
247.084540
247.312322
247.457995
247.615851
247.788199
247.928743
248.058287
248.135225
248.187721
248.353246
248.555357
248.803018
249.085181
249.401894
249.613013
249.748694
249.987437
250.219772
250.440244
250.575775
250.571847
250.570488
250.556666
250.567673
250.574645
250.592268
250.477585
250.300308
250.216720
250.134865
250.027740
249.815434
249.674940
249.516910
249.424792
249.261087
249.082289
248.898190
248.589032
248.245959
247.973466
247.726079
247.479814
247.173381
246.830605
246.591422
246.437158
246.262086
246.100724
245.958259
245.835843
245.727331
245.719458
245.714067
245.726920
245.874962
246.016376
246.277467
246.477747
246.729584
246.936082
247.130813
247.313662
247.467338
247.711573
247.905174
248.025972
248.175064
248.386742
248.672847
249.007159
249.499015
249.993118
250.499934
250.968867
251.492230
251.999577
252.602772
253.106971
253.554592
253.923704
254.095065
254.298325
254.537569
254.693841
254.785856
254.870741
255.006256
255.168744
255.315318
255.492549
255.626964
255.916493
256.138937
256.297672
256.327731
256.364995
256.206719
256.024163
255.899224
255.798454
255.542985
255.251990
254.862182
254.506094
254.155667
253.865505
253.652390
253.449726
253.141390
252.927959
252.761090
252.646691
252.529984
252.425961
252.328451
252.067365
251.919199
251.688724
251.426233
251.174394
251.001573
250.839725
250.695086
250.572480
250.419164
250.258176
250.178136
250.142694
250.163419
250.249420
250.341758
250.429864
250.452305
250.419194
250.445672
250.460216
250.474321
250.474715
250.479495
250.439933
250.449302
250.591589
250.672938
250.809881
250.959149
251.083607
251.290643
251.479499
251.605500
251.742460
251.847540
251.910473
252.103517
252.287488
252.416980
252.601222
252.784553
252.985178
253.174951
253.409827
253.649568
253.769211
253.890923
253.942177
253.986036
254.061552
254.072999
254.042929
254.029502
253.934819
253.885391
253.850119
253.781518
253.705477
253.655757
253.638894
253.672413
253.755752
253.710027
253.664301
253.643076
253.508393
253.412127
253.302800
253.218802
253.130256
252.989516
252.942030
252.812222
252.766582
252.761596
252.790364
252.798005
252.825394
252.942261
253.084790
253.757439
253.854254
253.863565
253.848095
253.869235
253.846558
253.806467
253.813569
253.881006
253.992671
254.186830
254.439698
254.557402
254.715624
254.840010
254.955752
255.144656
255.360406
255.624278
255.899274
256.102575
256.244623
256.384433
256.546013
256.705202
257.048018
256.821557
257.963937
258.389988
258.848258
259.243431
259.594338
259.939647
260.214696
260.486860
260.714794
260.920133
261.123506
261.414518
261.643467
261.793780
261.957286
261.916430
261.904255
261.992658
262.154419
262.330578
262.534236
262.819587
263.010958
263.239888
263.255643
263.305583
262.562516
262.435735
262.241738
262.063360
261.892973
261.763515
261.657124
261.416545
261.136263
260.857626
260.734227
260.429470
260.146258
259.961161
259.792246
259.711816
259.647371
259.668312
259.604771
259.404023
259.203275
258.933018
258.666402
258.204136
257.771417
257.264187
256.845113
256.479280
256.181633
255.908946
255.672533
255.382717
255.138285
255.013125
254.835578
254.626462
254.264074
254.060928
253.841443
253.679924
253.482778
253.365974
253.204505
252.927002
252.606350
252.351556
252.096762
251.890572
251.774721
251.716022
251.679457
251.749111
251.667660
251.588536
251.508442
251.418659
251.339461
251.243850
251.005710
250.720438
250.527257
250.235931
249.943088
249.694608
249.395296
249.096651
248.817451
248.512115
248.158215
247.669175
247.200471
246.819594
246.438717
246.048695
245.674181
245.362428
245.201485
244.939061
244.739586
244.707653
244.640890
244.550700
244.429609
244.336723
244.340982
244.314032
244.213826
244.052633
243.788378
243.574972
243.428738
243.206052
242.850416
242.602763
242.329757
242.124445
241.941948
241.770133
241.598319
241.336729
240.976920
240.530792
239.911721
239.123192
238.563586
237.899010
237.282956
236.658478
236.054315
235.465769
234.838367
234.229518
233.640976
233.178453
232.820509
232.450346
232.242380
232.011123
231.852622
231.570993
231.363283
231.159239
230.975375
230.878320
230.686696
230.598951
230.653109
230.789645
230.930219
231.307579
231.490670
231.729862
231.950055
232.229942
232.556136
232.815664
233.050202
233.278579
233.520020
233.735459
234.006083
234.228541
234.324450
234.564862
234.752232
235.050601
235.348969
235.647102
235.993741
236.304218
236.687767
237.616700
238.486440
238.665669
238.825095
238.950583
238.974832
239.160848
239.352172
239.495010
239.700828
239.819916
239.893760
240.091084
240.328293
240.592103
240.806966
240.947424
241.043796
241.231908
241.533258
241.669131
241.808198
242.105267
242.356624
242.592659
242.850191
242.605834
243.329535
244.256190
245.024023
245.521357
246.085276
246.500854
247.644795
248.544508
249.368544
250.467978
251.676503
253.169133
254.667388
256.156478
257.449658
258.643110
259.845001
260.483625
260.944915
261.614095
262.101710
262.699876
263.275067
263.644921
264.108586
264.600459
264.288598
264.424240
264.734470
265.372927
266.093815
266.705870
266.462273
266.577862
266.659839
266.669431
266.708800
266.296428
265.805011
265.043091
264.470844
264.090474
263.735117
263.745240
263.967742
264.068230
264.347089
264.397876
264.372588
264.487573
264.756523
266.377838
267.834831
267.652934
267.500776
267.261211
267.092478
267.030188
267.095189
267.052996
266.979600
266.773236
266.542245
266.362380
266.255933
266.386741
266.544348
266.702632
266.811148
267.004465
267.162739
267.293632
267.334389
267.401652
267.615744
267.846061
267.828604
266.275373
264.847463
265.245177
265.702395
266.494911
267.134163
267.495388
267.901743
268.357826
268.933152
269.709778
270.481253
271.312214
272.030937
272.837416
273.741545
274.608556
275.500322
276.259521
277.015756
277.997440
279.340995
280.557940
281.704132
283.020487
284.181271
285.160451
286.029530
286.543816
286.968860
287.351769
287.842028
288.686209
289.462617
290.442513
291.334368
292.220468
292.889386
293.575774
294.361612
294.920916
295.355772
295.846579
296.423645
297.045627
297.598067
298.226673
298.583543
299.041518
299.505918
300.022540
300.602341
301.344770
302.071979
302.734046
303.303474
303.387493
303.399403
303.266092
303.155424
302.858451
302.591299
302.331028
302.220621
302.114678
302.021523
302.077420
302.189134
302.261011
302.330514
302.653005
303.048003
303.066862
302.888914
302.364177
302.056534
301.305889
300.647636
300.130451
299.358011
298.745262
298.317115
298.048191
297.744026
297.527165
297.333570
297.156019
297.078749
297.006420
297.001410
296.876478
296.746109
296.682289
296.396657
296.134037
295.787532
295.146778
294.322314
293.566079
292.918262
292.584130
292.026479
291.572620
291.131149
290.472368
289.953025
289.677935
289.310881
288.964382
288.894983
288.865923
288.697763
288.290452
287.753039
286.873773
285.947972
285.194736
284.519250
283.799842
283.246428
282.715399
282.247066
281.944254
281.754674
281.405027
281.143768
280.957190
281.037868
281.173225
281.373705
281.643534
282.029177
282.047563
282.022089
281.907072
281.565877
281.273489
281.096937
281.095500
281.139932
281.307497
281.441860
281.551259
281.588345
281.647488
281.571073
281.351567
281.113868
280.727107
280.410824
280.164479
279.782655
279.414660
278.845728
278.328408
277.733577
277.341877
277.047497
276.811552
276.667571
276.680543
276.642593
276.392839
276.062097
275.805841
275.531042
275.201260
274.951215
274.626754
274.277739
273.780810
273.299136
272.981228
272.618818
272.368946
272.153596
271.999972
271.884674
271.651445
271.351896
271.052522
270.857314
270.591579
270.193107
269.983835
269.726458
269.558428
269.280793
269.059408
269.034110
268.999791
268.938146
268.892825
268.859191
268.779500
268.643091
268.611174
268.699560
268.685029
268.749563
268.784691
268.825080
268.983518
269.239109
269.692709
270.106535
270.437464
270.619490
270.709056
270.834037
270.810861
270.864301
270.838136
270.981228
271.141787
271.187245
271.069379
270.926247
270.902375
270.880907
270.915748
271.031859
271.162557
271.293425
271.462459
271.478314
271.476966
271.435836
271.338771
271.204990
270.982229
270.683467
270.404633
270.170535
269.982560
269.899536
269.937432
269.924463
269.777162
269.570208
269.419223
269.188609
269.055179
268.948532
268.717511
268.472398
268.223302
267.965203
267.717286
267.544089
267.446409
267.422842
267.430763
267.634914
267.694528
267.908750
268.200086
268.607199
269.000775
269.356204
269.716822
269.931141
270.008951
270.061011
270.206570
270.280062
270.341306
270.403949
270.319856
270.234246
270.241400
270.311590
270.444874
270.612761
270.745204
270.802757
270.766842
270.718896
270.815329
270.729230
270.843620
270.840118
270.574916
270.271380
269.991469
269.736106
269.483206
269.271655
269.352850
269.477571
269.531527
269.677315
269.813543
270.028002
270.552463
271.029913
271.534630
271.912722
272.177425
272.416525
272.634411
272.851959
273.063717
273.256244
273.278573
273.287202
273.205046
273.119382
272.974427
272.911842
272.869555
272.840867
272.844188
272.810137
272.623745
272.331410
272.105181
271.859187
271.604199
271.316349
270.859800
270.528287
270.107335
269.749972
269.450239
269.295890
269.225335
269.150240
269.125302
269.131626
269.074132
269.067645
269.056089
269.009683
269.080822
269.107925
269.170354
269.282797
269.458401
269.673233
269.845373
270.079931
270.223317
270.391505
270.474784
270.646949
270.870307
271.015640
271.157126
271.273304
271.444663
271.428454
271.308657
271.193737
271.082977
270.978309
270.952836
270.843993
270.661100
270.516565
270.361559
270.226641
270.092561
269.895225
269.555170
269.213258
268.939904
268.648833
268.446318
268.228573
268.043559
267.802521
267.467758
267.042948
266.691040
266.435101
266.101078
265.809239
265.638476
265.452590
265.188462
265.015422
264.797963
264.612868
264.581126
264.511092
264.446036
264.421355
264.339899
264.271684
264.248410
264.282097
264.316870
264.346125
264.295248
264.234800
264.172004
264.066195
264.046085
264.135532
264.255675
264.305157
264.360337
264.397851
264.420001
264.405235
264.415314
264.328214
264.508646
264.652594
264.590874
264.725832
264.949957
265.113618
265.524619
266.023026
266.681486
267.170174
267.382812
267.618685
268.043954
268.342187
268.706320
269.265860
269.790642
270.295916
270.815269
271.389503
271.995928
272.561205
273.060057
273.610948
274.218581
274.772125
274.981472
275.209292
275.585663
275.803649
276.054392
276.278790
276.502588
276.930217
277.059081
277.300754
277.709603
278.045309
278.170402
278.511736
278.753886
278.843643
278.929469
279.000092
279.054171
279.032798
279.013981
279.053979
279.116699
279.207027
279.335812
279.607993
280.019908
280.449834
280.933962
281.286905
281.669331
282.078336
282.247331
282.125090
282.070143
281.996809
281.879290
281.783110
281.737913
281.603509
281.554743
281.515579
281.525019
281.654898
282.037754
282.441181
282.693825
282.907005
283.056013
283.323425
283.491677
283.570621
283.419928
283.310837
283.205766
283.185185
282.984199
282.782979
282.632210
282.481442
282.374256
282.243685
282.122624
282.053367
282.094715
282.153939
282.304784
282.391640
282.409573
282.322269
281.938121
281.500041
281.135013
280.878271
280.705589
280.386895
280.240514
280.075829
280.165585
280.165347
280.080260
280.041869
280.218423
280.452525
280.555323
280.659972
280.780150
280.942101
281.220710
281.572874
281.902433
282.121807
282.206390
282.345359
282.469575
282.524058
282.609339
282.786688
282.994962
283.134416
283.194121
283.235153
283.099560
282.977976
282.710589
282.491594
282.289298
282.074564
281.758901
281.337558
280.878155
280.416899
280.013173
279.464142
278.922877
278.439887
277.948121
277.548664
277.141924
276.757081
276.337252
276.075856
275.778901
275.443809
275.182476
275.007890
274.846410
274.653991
274.493638
274.337581
274.180072
274.070648
273.989000
273.919790
273.689579
273.507497
273.438016
273.384300
273.327289
273.439203
273.574594
273.578157
273.603473
273.574084
273.614116
273.733374
273.889511
273.956948
274.070797
274.144500
274.181342
274.034821
273.948318
273.911429
273.902244
273.931693
274.027821
274.139948
274.296009
274.452070
274.946877
275.307510
275.653182
275.905103
276.106862
276.285001
276.412235
276.579931
276.630736
276.761310
276.865543
276.868654
276.899686
276.822083
276.755932
276.659677
276.512895
276.462731
276.573226
276.664041
276.714257
276.790843
276.857466
276.860008
276.822861
276.827782
276.568675
276.515279
276.418201
276.399110
276.400949
276.302014
276.232501
276.141749
276.159950
276.153087
276.246920
276.278615
276.196156
276.212705
276.234310
276.326167
276.398794
276.414466
276.252339
276.213476
276.140774
276.003067
275.899974
275.822553
275.649904
275.367026
275.183096
274.927630
274.759145
274.522913
274.198795
273.942491
273.649642
273.337568
272.985031
272.699314
272.395038
272.193077
272.032431
271.881415
271.678233
271.498915
271.341259
271.211733
271.077762
270.840206
270.670386
270.561888
270.536703
270.417023
270.374373
270.399884
270.339363
270.307616
270.270095
270.315575
270.416291
270.549969
270.668580
270.836288
271.022182
271.194835
271.231411
271.227813
271.268421
271.397175
271.476412
271.577185
271.649449
271.750539
271.848758
271.887053
271.858008
271.675888
271.374680
271.142294
270.955034
270.770076
270.575601
270.339116
270.099400
269.844430
269.588343
269.289422
269.007558
268.685552
268.350959
267.962787
267.636065
267.400413
267.202380
266.944375
266.717746
266.445718
266.282179
266.026349
265.739783
265.512145
265.339892
265.259389
265.219235
265.160938
265.037394
264.894493
264.815212
264.749167
264.698966
264.712285
264.744215
264.836782
264.849301
264.852866
264.895995
264.902368
264.953790
264.947699
265.024633
265.073392
265.114225
265.146802
265.175985
265.245847
265.410524
265.576197
265.822388
266.019366
266.205938
266.385647
266.516350
266.664107
266.830502
266.934717
267.030705
267.022387
266.957899
266.875607
266.940769
266.971937
267.000297
267.026941
267.033209
267.005919
266.866760
266.730425
266.667618
266.716617
266.693246
266.721486
266.700356
266.657705
266.506307
266.489263
266.428678
266.393100
266.412052
266.434101
266.321243
266.286620
266.218373
266.190912
266.170718
266.188466
266.128012
266.027114
265.965140
265.941639
266.008518
266.137442
266.232398
266.393659
266.526080
266.554948
266.735103
266.869535
266.902705
266.906827
266.922328
266.852687
266.877958
266.849744
266.865872
266.876464
267.042836
267.193154
267.324571
267.560863
267.889778
268.210588
268.567201
268.998252
269.396206
269.736285
270.085754
270.266367
270.474087
270.612679
270.586935
270.586580
270.459271
270.512943
270.636193
270.810012
271.002491
271.160466
271.294046
271.462449
271.565763
271.671515
271.749964
271.850577
271.973913
272.058285
272.154019
272.219914
272.387497
272.514445
272.580174
272.748985
272.897353
273.152534
273.505106
273.938675
274.643071
275.227240
275.889127
276.415756
277.146409
277.741096
278.577279
279.356884
280.002289
280.666355
281.374013
281.963265
282.723436
283.528479
284.370747
285.147106
286.004608
286.886086
287.610611
288.347064
289.133903
289.875536
290.331476
290.879294
291.158797
291.450752
291.643531
291.931150
292.306325
292.677156
292.878066
293.361163
293.501093
293.732104
293.944947
294.254527
294.711878
295.134538
295.573637
295.945699
296.297361
296.836146
297.158707
297.384612
297.722798
298.089691
298.480935
298.873439
299.575647
300.275247
301.089206
301.809717
302.709528
303.590278
304.224312
304.643683
304.929630
305.069357
305.373850
305.649693
306.234508
306.874062
307.315262
307.909558
308.129946
308.359371
308.409668
308.304459
308.239525
308.247271
307.990854
307.736050
307.518181
307.427437
307.098870
306.681033
306.521223
306.306783
305.870983
305.343913
305.002087
304.879269
304.849490
304.724356
304.787183
304.861015
304.746420
304.480349
304.249742
303.970201
304.020873
304.020731
304.449543
304.846737
305.253430
305.726773
306.543036
307.299936
307.852923
308.277525
308.809202
309.134545
309.265481
309.382138
309.624107
309.976408
310.310638
310.501623
310.575658
310.706474
310.553001
310.417173
310.103506
309.783470
309.361460
308.956344
308.330531
307.746495
306.966947
306.187399
305.262967
304.311165
303.156950
302.060485
301.179416
300.208242
299.273668
298.551561
297.953444
297.424235
296.670828
295.940792
295.103811
294.391433
293.800496
293.248131
292.640970
291.982208
291.586777
291.221821
291.008483
290.827185
290.721573
290.571278
290.348970
290.059989
290.026899
289.954529
290.043396
290.212294
290.335583
290.455800
290.460967
290.460001
290.455708
290.349893
290.422104
290.378196
290.336318
290.313082
290.285337
290.307411
290.463738
290.749723
290.914086
291.054345
291.080663
291.102762
291.174626
291.404097
291.610944
291.884463
292.071565
292.265734
292.400021
292.422090
292.463083
292.597252
292.731236
293.009601
293.173478
293.351726
293.524252
293.789525
294.100389
294.334907
294.652418
294.914811
295.136598
295.280327
295.495014
295.520244
295.381006
295.271867
295.029239
294.673687
294.370729
293.992405
293.565898
293.182994
292.848566
292.546325
292.176266
291.838995
291.655057
291.302410
290.970301
290.725343
290.553414
290.418828
290.366653
290.450766
290.509534
290.573601
290.522752
290.700266
290.790629
291.061717
291.540338
291.993080
292.491002
292.913697
293.494615
294.129931
294.973888
295.767174
296.323566
296.873506
297.301543
297.597650
297.747307
297.921293
298.235127
298.518458
298.643954
298.692700
298.460095
298.167549
297.878688
297.467030
297.107286
296.580059
296.054876
295.538426
295.065816
294.514468
294.025257
293.750300
293.165438
292.601543
291.859394
291.076280
290.466577
289.877200
289.553993
289.329928
289.103518
288.887241
288.530880
288.248538
287.922187
287.635243
287.537457
287.367219
287.107981
286.966751
286.965789
286.903945
286.919422
287.013087
287.023095
286.932166
286.710034
286.348873
286.059830
285.884529
285.698097
285.560400
285.254788
284.935303
284.394778
283.904513
283.474105
283.017370
282.586092
282.111300
281.785357
281.443396
281.078153
280.751243
280.497668
280.248880
279.871363
279.464838
279.053588
278.579247
278.182145
277.964717
277.864529
277.877502
278.054177
278.161380
278.287413
278.405676
278.656205
278.892849
279.228494
279.597436
279.877447
280.173652
280.468182
280.676839
280.813914
280.900164
281.032930
281.199814
281.405246
281.609930
281.850801
282.107996
282.284157
282.445221
282.621890
282.886451
283.157012
283.256682
283.326871
283.352789
283.436016
283.514580
283.570949
283.599649
283.539054
283.394903
283.357080
283.309591
283.234994
283.191370
283.095809
283.067092
282.948835
282.776524
282.593129
282.396034
282.235058
282.086765
282.009254
282.002987
281.934421
281.746783
281.641748
281.594443
281.595796
281.538766
281.426839
281.244223
281.081264
280.959858
280.968380
280.930899
280.919394
280.984733
281.002636
281.075438
281.217896
281.396868
281.645076
281.920405
282.165293
282.424629
282.524380
282.597093
282.641977
282.569371
282.624628
282.711064
282.654263
282.576783
282.422401
282.272366
282.190492
282.183971
282.246441
282.308912
282.306571
282.361268
282.375117
282.321788
282.316931
282.256904
282.180205
282.127171
282.065009
282.029779
282.165080
282.273112
282.470846
282.628135
282.978858
283.375827
283.754639
284.135985
284.586229
285.007136
285.380417
285.807733
286.134144
286.505330
286.790113
287.006250
287.291261
287.565238
287.877013
288.196517
288.450097
288.898210
289.432384
289.906377
290.318984
290.723228
290.967736
291.142961
291.387739
291.700000
291.817622
291.980869
292.068859
292.203845
292.389103
292.624374
292.890842
293.079620
293.250272
293.304522
293.361266
293.486656
293.597974
293.744042
293.853388
293.883128
293.916475
293.810458
293.604519
293.383282
293.207964
293.107045
293.053714
293.096936
293.035944
292.972527
292.908453
292.889616
292.870628
292.802110
292.682580
292.576854
292.472167
292.449567
292.472447
292.566953
292.778385
293.002671
293.264440
293.436400
293.636955
293.909385
294.340725
294.957014
295.495486
296.002074
296.599834
297.131558
297.642176
298.112710
298.632051
299.223291
299.839404
300.364655
300.853944
301.263135
301.606576
301.971873
302.311643
302.647015
302.989690
303.290252
303.491402
303.620067
303.570588
303.576168
303.462939
303.372266
303.173541
302.772070
302.414100
302.103313
301.712319
301.262481
300.819893
300.547033
300.292269
299.968030
299.644832
299.352442
299.124111
298.995333
298.945328
298.859660
298.692485
298.526628
298.338312
298.089120
297.825187
297.620886
297.548396
297.451445
297.308878
297.153668
296.990112
296.844353
296.807629
296.784718
296.648759
296.562457
296.404003
296.115907
295.819074
295.481982
295.128329
294.785981
294.368736
293.932036
293.438837
292.878513
292.523801
292.311279
292.237285
292.266280
292.127967
292.034445
292.079788
292.133262
292.230654
292.318132
292.533702
292.620238
292.704322
292.610231
292.562183
292.523324
292.569310
292.670795
292.946527
293.346872
293.686992
293.984997
294.319282
294.584642
294.841282
295.161105
295.328785
295.352957
295.246932
295.138988
295.203806
295.193211
295.102027
295.027174
294.992677
294.876843
294.678891
294.571915
294.401098
294.394644
294.435648
294.522286
294.542151
294.603376
294.515606
294.343484
294.171833
294.063823
293.988811
294.004549
294.049623
294.098638
294.241704
294.412518
294.619729
294.878263
295.031582
295.215523
295.340103
295.470778
295.667041
295.875829
296.003522
296.169274
296.367677
296.591974
296.884543
297.110391
297.391904
297.576558
297.784437
297.926035
298.179929
298.319859
298.389467
298.437248
298.492987
298.672801
298.769968
298.803203
298.857531
298.862455
298.932287
299.094046
299.190483
299.292759
299.305171
299.386397
299.529219
299.644230
299.733918
299.840451
299.872469
299.925573
299.897245
299.797438
299.609957
299.512880
299.428726
299.394896
299.414474
299.462102
299.492657
299.406627
299.324360
299.278277
299.149749
298.966309
298.835847
298.611441
298.423429
298.223483
298.045098
297.866713
297.714481
297.529897
297.348558
297.124481
296.968513
296.820537
296.652145
296.538716
296.454908
296.346977
296.166899
295.932446
295.693149
295.405552
295.129521
294.846001
294.611683
294.432730
294.296882
294.268161
294.292986
294.319830
294.305523
294.330853
294.388464
294.443140
294.460155
294.537334
294.679781
294.830670
294.934917
295.010304
295.136155
295.278522
295.402239
295.521828
295.666658
295.869769
296.094336
296.339155
296.570105
296.817005
297.074333
297.290766
297.574742
297.806503
298.061360
298.264078
298.480753
298.658992
298.801065
298.946074
299.159639
299.366871
299.526442
299.694669
299.800112
299.926422
299.982860
300.016026
300.073949
300.161665
300.207554
300.249538
300.216000
300.155716
300.100087
300.026502
299.910886
299.780799
299.591178
299.418166
299.158274
298.979676
298.869381
298.757885
298.717702
298.691167
298.606034
298.514799
298.348398
298.164902
298.060580
297.968617
297.996174
298.062867
298.152182
298.215831
298.345872
298.483476
298.679526
299.006781
299.293408
299.582041
299.961961
300.204055
300.694285
301.174166
301.750372
302.297422
302.871361
303.257804
303.619434
303.893338
304.189670
304.498439
304.989669
305.423764
305.817341
306.266546
306.584682
306.886950
307.177892
307.550448
307.974684
308.343158
308.635774
308.823930
309.037807
309.212933
309.369504
309.651129
309.722822
309.788256
309.834490
309.766931
309.610091
309.602428
309.718383
309.908416
310.099092
310.335217
310.429703
310.588293
310.729932
310.803583
310.929109
311.019889
311.158745
311.204963
311.210079
311.263396
311.382649
311.436075
311.527528
311.605583
311.538493
311.484178
311.345840
311.193042
310.953504
310.807805
310.654414
310.539343
310.328315
310.075989
309.805962
309.505795
309.218606
308.924447
308.708604
308.562522
308.429234
308.260132
308.048362
307.847616
307.624276
307.380364
307.154134
307.066976
306.990889
306.966952
307.011126
307.002147
306.987176
306.964611
306.984958
307.025259
307.127399
307.168625
307.099709
307.015940
306.951728
306.872209
306.780825
306.688333
306.561346
306.465591
306.353529
306.312026
306.251552
306.189366
306.043738
305.902817
305.702850
305.429639
305.148791
304.896105
304.674341
304.459172
304.291939
304.146760
304.024857
303.937791
303.820082
303.693028
303.622613
303.608349
303.580403
303.615363
303.687654
303.815437
303.931833
303.947236
304.038385
304.140327
304.197978
304.255925
304.341118
304.442175
304.560525
304.710327
304.865895
305.060540
305.267001
305.520020
305.792444
306.147771
306.442896
306.619722
306.796354
307.043246
307.330380
307.578022
307.832298
308.036885
308.206402
308.321534
308.416850
308.530277
308.606452
308.728367
308.855168
308.983386
309.123839
309.196631
309.283683
309.355530
309.405657
309.388545
309.373311
309.438570
309.501876
309.583382
309.649501
309.799080
309.938491
310.146466
310.357783
310.588017
310.713735
310.826234
310.961680
311.101594
311.267535
311.373890
311.534951
311.639481
311.791294
311.929501
312.117211
312.338833
312.559114
312.763147
312.955569
313.147327
313.293409
313.452293
313.593809
313.634221
313.659648
313.726543
313.746844
313.669246
313.586448
313.524226
313.605927
313.751018
313.804915
313.809797
313.865983
313.963644
313.984674
313.985882
313.981133
313.918243
313.799879
313.715264
313.681331
313.594191
313.467264
313.405494
313.378553
313.258316
313.116507
312.951166
312.770157
312.558480
312.392457
312.255769
312.026012
311.810976
311.498269
311.081145
310.717523
310.398450
310.055658
309.722802
309.450050
309.185525
308.885632
308.657486
308.491283
308.295361
308.080245
307.957180
307.895021
307.768367
307.668990
307.537276
307.459664
307.361138
307.295444
307.218951
307.177966
307.161004
307.271241
307.341392
307.407237
307.514107
307.579474
307.657600
307.671620
307.654606
307.614700
307.586391
307.615190
307.622197
307.554432
307.488948
307.394251
307.260708
307.157927
307.070970
306.977403
306.923454
306.802702
306.726395
306.658884
306.626156
306.561369
306.468800
306.287701
306.131966
306.031275
305.931043
305.921164
305.938484
306.002066
306.086747
306.191126
306.416416
306.703921
307.043093
307.438485
307.861313
308.226033
308.682940
309.107959
309.525312
309.885215
310.237838
310.559205
310.884611
311.273428
311.596068
312.018755
312.445200
312.924892
313.463861
313.923058
314.301631
314.691198
315.040807
315.401539
315.798075
316.207964
316.565814
316.765001
316.934312
317.102856
317.115779
317.175813
317.032276
316.768950
316.497468
316.286055
316.087955
315.995759
315.853294
315.635275
315.448651
315.166533
314.812980
314.441257
313.942100
313.485759
313.109582
312.748689
312.428513
312.111806
311.630864
311.112046
310.524358
310.043058
309.613610
309.075747
308.681408
308.302197
308.034370
307.870333
307.696421
307.457716
307.137560
306.778641
306.465953
306.243103
306.082665
305.919389
305.777422
305.643894
305.578522
305.549057
305.590902
305.421349
305.239721
305.110103
305.108915
305.000554
304.912287
304.778030
304.608555
304.508959
304.421461
304.340391
304.090834
303.840082
303.635803
303.466701
303.365736
303.231316
303.139062
302.918274
302.658997
302.374272
302.139674
301.906131
301.650840
301.312916
300.974157
300.714264
300.425728
300.082636
299.732174
299.602806
299.528062
299.449319
299.353943
299.155184
298.981671
298.877546
298.926727
299.081265
299.199205
299.202468
299.232851
299.342689
299.464448
299.630364
299.772358
299.952178
300.131497
300.378475
300.569069
300.799226
300.958906
301.280454
301.674090
302.099342
302.474741
302.730317
302.911175
303.220015
303.400904
303.745570
304.088635
304.358729
304.644004
304.837419
305.068883
305.413835
305.728878
305.993576
306.204187
306.397371
306.730865
307.066913
307.350728
307.597757
307.922920
308.364193
308.769861
309.059890
309.218688
309.408342
309.655217
309.882918
310.072700
310.161616
310.426840
310.663936
310.877389
311.011479
311.091547
311.213041
311.338561
311.528763
311.721752
311.990631
312.205565
312.404903
312.513343
312.660715
312.860821
313.026750
313.232633
313.386147
313.468142
313.468202
313.527405
313.428344
313.349587
313.242144
313.166091
313.074641
312.934837
312.807521
312.616639
312.499579
312.524817
312.533929
312.500965
312.350932
312.159791
311.903597
311.679204
311.433667
311.138714
310.805021
310.569146
310.307258
310.074572
309.790928
309.614408
309.575792
309.542537
309.580703
309.545077
309.566416
309.594284
309.604997
309.617569
309.619128
309.764918
309.982603
310.112011
310.179328
310.276042
310.502812
310.713123
310.884641
311.078303
311.323208
311.595993
311.827248
311.927410
312.096220
312.195872
312.334821
312.444451
312.581604
312.730865
312.798409
312.919439
313.037098
313.109847
313.208258
313.231876
313.271358
313.230173
313.135006
313.039840
312.994311
313.002478
312.929603
312.914296
312.944293
312.939934
312.942952
312.880728
312.831703
312.815952
312.754125
312.656813
312.587960
312.517752
312.373212
312.211203
312.091070
312.028962
311.890502
311.789105
311.695280
311.674388
311.633532
311.612326
311.631359
311.593270
311.571984
311.467606
311.362065
311.260134
311.132003
310.994882
310.860207
310.762894
310.780798
310.807932
310.889037
310.978922
311.047992
311.147737
311.232130
311.283350
311.353830
311.404329
311.475072
311.553660
311.643120
311.709375
311.724789
311.716676
311.676191
311.692829
311.708751
311.721475
311.746897
311.756965
311.766933
311.820243
311.846164
311.934228
311.836055
311.828566
311.755352
311.708842
311.663497
311.645828
311.740656
311.931641
312.126461
312.283240
312.500995
312.661909
312.818525
313.041125
313.181790
313.326332
313.432936
313.561110
313.665958
313.847858
313.984026
314.131938
314.219180
314.278063
314.371672
314.508053
314.699644
314.791321
314.868011
314.913061
314.978574
315.003984
315.021719
314.976470
315.011706
315.000653
314.940770
314.905552
314.886309
314.824288
314.882926
314.931373
314.981566
314.993625
314.875620
314.683759
314.544385
314.401463
314.412304
314.419989
314.330711
314.136519
313.955073
313.837874
313.717643
313.604807
313.396653
313.200927
312.990797
312.813680
312.575124
312.362782
312.140184
311.949763
311.727313
311.565303
311.353198
311.160148
310.924423
310.705264
310.539291
310.393737
310.304608
310.284405
310.178218
310.103545
310.066940
310.019005
310.020196
309.932093
309.812296
309.716745
309.743116
309.771062
309.703496
309.681026
309.627398
309.593845
309.597159
309.631132
309.709514
309.683654
309.681465
309.670411
309.753890
309.868751
310.100187
310.329085
310.487612
310.567810
310.655326
310.736634
310.861195
311.018075
311.147433
311.290794
311.458477
311.652399
311.734376
311.814778
311.931060
311.977825
312.067170
312.132122
312.180049
312.207743
312.200557
312.223919
312.268939
312.277864
312.229762
312.167884
312.065445
311.993353
311.910159
311.840925
311.771450
311.715021
311.639053
311.591766
311.571595
311.545313
311.626051
311.729770
311.835483
311.982083
312.123170
312.247507
312.369999
312.505837
312.719411
312.919905
313.065259
313.317589
313.490054
313.651114
313.828563
313.988049
314.126536
314.208967
314.297650
314.336611
314.367441
314.336696
314.313646
314.242576
314.163161
314.152857
314.096993
314.039107
314.025879
313.966008
313.902915
313.816403
313.801718
313.783583
313.584675
313.641447
313.752910
313.728156
313.777555
313.860237
313.952020
314.051585
314.149256
314.245993
314.280369
314.333010
314.374381
314.478694
314.610089
314.753071
314.920394
315.004699
315.080487
315.082372
315.051453
314.975364
314.902877
314.893048
314.817176
314.698734
314.770540
314.492734
314.226521
313.982630
313.760289
313.548778
313.342857
313.110207
312.867251
312.613049
312.389024
312.209989
312.053954
311.932874
311.785990
311.625687
311.429409
311.244042
311.031547
310.840724
310.552428
310.407817
310.308446
310.180082
310.042479
309.937464
309.799012
309.750806
309.648726
309.577432
309.403683
309.342534
309.301786
309.286956
309.258883
309.161595
309.143213
309.122393
309.073918
308.902667
308.713736
308.594222
308.481425
308.412518
308.369686
308.403786
308.454605
308.408561
308.232403
308.008958
307.821722
307.638688
307.453631
307.291458
307.175983
307.018367
307.035873
306.924970
306.801169
306.680918
306.640634
306.704350
306.716156
306.734312
306.839671
307.024649
307.152111
307.187366
307.215400
307.167314
307.145416
306.965309
306.877643
306.810368
306.909235
307.069088
307.297907
307.506526
307.696702
307.864346
307.974670
308.143808
308.209699
308.355266
308.503796
308.561138
308.661452
308.765692
308.912331
309.099155
309.189900
309.299052
309.459344
309.656039
309.891066
310.145405
310.402006
310.726692
311.064196
311.332463
311.523386
311.651933
311.664428
311.691208
311.709793
311.729230
311.764668
311.755403
311.774726
311.788537
311.719006
311.747062
311.679260
311.536537
311.362125
311.082721
310.878649
310.694140
310.496915
310.275792
310.010041
309.795492
309.511295
309.266004
309.062708
308.941751
308.859524
308.826483
308.782357
308.810924
308.840089
308.847605
308.879676
308.904282
308.906785
308.864172
308.900333
308.888484
308.870725
308.876972
308.873087
308.921280
308.917326
308.881884
308.866671
308.848322
308.861239
308.857035
308.886591
308.930212
308.904613
308.830517
308.742981
308.627882
308.610760
308.535976
308.489007
308.476147
308.514114
308.609181
308.741372
308.841832
308.893973
308.933026
308.955071
308.969955
308.983496
308.993980
309.013374
309.044746
309.099983
309.207674
309.274589
309.313542
309.346373
309.333450
309.402379
309.513985
309.611552
309.706131
309.715059
309.735147
309.785107
309.862698
309.921893
309.954768
309.958824
310.023009
310.111812
310.239876
310.385647
310.514810
310.625096
310.752208
310.899616
310.992878
311.155203
311.241401
311.340203
311.458842
311.601192
311.719641
311.770002
311.818350
311.818047
311.814304
311.819892
311.786999
311.719093
311.600316
311.503068
311.334534
311.160629
310.956823
310.735536
310.508343
310.282588
310.122330
309.987633
309.844342
309.678615
309.530203
309.311586
309.166800
309.029084
308.872508
308.689055
308.534332
308.338709
308.121022
308.015285
307.927223
307.864290
307.879763
307.874535
307.869095
307.853414
307.883998
307.954888
307.998114
308.070910
308.120064
308.178186
308.189231
308.228701
308.235978
308.235764
308.244488
308.238311
308.165794
308.068740
308.031271
307.960919
307.903875
307.867699
307.836420
307.719385
307.636000
307.504168
307.351820
307.171303
306.979310
306.740237
306.504123
306.263700
306.067245
305.851633
305.679426
305.547174
305.460200
305.288789
305.137072
304.991974
304.872332
304.740545
304.633550
304.529406
304.383725
304.264881
304.195390
304.160663
304.126629
304.164963
304.178712
304.219408
304.220081
304.275036
304.356854
304.473436
304.574983
304.672427
304.741509
304.866610
305.011095
305.127143
305.269095
305.460736
305.606532
305.788162
306.002229
306.230507
306.487802
306.797872
307.109928
307.420349
307.703976
308.003883
308.297123
308.522287
308.745698
308.986814
309.233248
309.420864
309.539721
309.622543
309.720581
309.773726
309.845768
309.881508
309.864792
309.839739
309.782974
309.797414
309.859465
309.917547
309.923862
309.979531
310.010737
309.986147
309.972337
309.964804
309.939340
309.906613
309.908276
309.898090
309.900993
309.880102
309.887666
309.912444
310.047895
310.230151
310.428974
310.601484
310.750662
310.852875
310.979466
311.141064
311.341912
311.493290
311.638133
311.775582
311.926935
312.070531
312.168376
312.319492
312.434803
312.580069
312.712061
312.822680
312.871170
312.931122
312.972058
312.985586
312.963931
312.951096
312.907776
312.774979
312.643578
312.580010
312.512844
312.443287
312.350334
312.191290
312.010585
311.825166
311.668858
311.489486
311.273172
311.032801
310.844421
310.605727
310.394745
310.156203
309.947847
309.770784
309.618048
309.467838
309.321131
309.220869
309.165683
309.152899
309.082253
309.044414
309.035876
309.028093
309.011531
309.060832
309.173388
309.336384
309.471171
309.594641
309.701984
309.770765
309.872651
309.963127
310.090039
310.241521
310.410211
310.587770
310.766306
310.941988
