254.692000
254.638167
254.631583
254.683750
254.739500
254.833667
254.992667
255.258500
255.639667
255.979417
256.214917
256.428667
256.673333
256.846417
256.984083
257.126583
257.425833
257.689417
257.959250
258.137583
258.111083
258.054917
258.054000
258.036000
257.989583
257.961333
257.905333
257.770000
257.522750
257.288083
257.029583
256.765667
256.539333
256.338583
256.135500
255.917667
255.737000
255.600583
255.493833
255.421000
255.339000
255.286083
255.233083
255.156833
255.122833
255.066417
254.976667
254.885083
254.785917
254.624000
254.453750
254.245083
253.916500
253.550417
253.398250
253.368500
253.340500
253.321833
253.315750
253.313917
253.284167
253.362250
253.606167
253.817917
254.055500
254.324417
254.416000
254.431250
254.446500
254.467083
254.488583
254.541417
254.621000
254.643750
254.535333
254.509417
254.539750
254.554833
254.573833
254.580083
254.572167
254.568833
254.588833
254.614833
254.643167
254.679750
254.722500
254.760250
254.809333
254.866833
254.914917
254.955000
254.998917
255.053583
255.102417
255.145917
255.188583
255.234583
255.280083
255.320833
255.353833
255.478333
255.574083
255.642833
255.701250
255.743583
255.784333
255.820417
255.877083
255.978917
256.142833
256.287667
256.389750
256.396167
256.433833
256.495417
256.541750
256.590333
256.622833
256.670750
256.705583
256.714083
256.661833
256.634167
256.659333
256.711833
256.781583
256.811417
256.842500
256.892417
256.960667
257.012667
257.065167
257.180917
257.258083
257.293417
257.343000
257.395667
257.460500
257.571667
257.700083
257.857500
257.994167
258.145083
258.263000
258.274167
258.312333
258.364500
258.390500
258.434583
258.468667
258.488250
258.477500
258.395000
258.338833
258.283667
258.246417
258.248750
258.263667
258.290917
258.321750
258.305417
258.267667
258.240750
258.246083
258.286750
258.322333
258.346750
258.389917
258.438583
258.475750
258.510167
258.551917
258.653083
258.770250
258.889667
259.017333
259.235750
259.795917
260.457083
261.107833
261.880750
262.635417
263.525333
264.585833
265.715250
266.997583
268.267333
269.432333
269.751833
269.303750
268.749917
268.198000
267.502083
266.825500
266.023000
265.045917
263.947667
262.677833
261.410417
260.253583
259.862417
259.901167
259.936417
259.956083
259.953333
259.939417
259.954750
259.981833
260.011250
260.041750
260.063417
260.077167
260.076167
260.054250
260.042250
260.051000
260.090500
260.148417
260.176750
260.181583
260.185167
260.200333
260.239833
260.276167
260.307333
260.315417
260.338167
260.366417
260.397583
260.427667
260.458417
260.497917
260.538583
260.560250
260.579417
260.602083
260.629083
260.697833
260.750917
260.791417
260.825417
260.859000
260.894167
260.928333
260.961167
261.006167
261.049917
261.090917
261.146667
261.208750
261.275333
261.339167
261.398000
261.462250
261.520667
261.561333
261.610167
261.662250
261.721917
261.808167
261.886000
261.970833
262.074417
262.182167
262.291250
262.418417
262.581000
262.758833
262.918917
263.064333
263.173833
263.289250
263.347583
263.336333
263.295583
263.277583
263.266500
263.229833
263.169167
263.094917
263.028000
262.954583
262.897917
262.809083
262.768000
262.776083
262.804833
262.828167
262.854167
262.879833
262.900833
262.942167
263.008917
263.106000
263.210667
263.312917
263.420583
263.538167
263.649917
263.735250
263.781250
263.813083
263.834083
263.872250
263.917167
263.951583
263.989250
264.029667
264.073333
264.131083
264.193000
264.260000
264.356917
264.491667
264.639167
264.744833
264.824833
264.913250
264.993917
265.066583
265.103750
265.100083
265.065417
265.032833
264.983667
264.902333
264.830250
264.791917
264.756667
264.702000
264.674583
264.667583
264.663000
264.656750
264.667583
264.672750
264.696000
264.735083
264.772333
264.806500
264.829500
264.862750
264.873167
264.863917
264.877833
264.907917
264.945750
264.987833
265.015333
265.032000
265.041833
265.044583
265.053000
265.056583
265.059917
265.069917
265.089250
265.114167
265.131750
265.149500
265.177750
265.217000
265.255167
265.288417
265.317333
265.351917
265.391500
265.588000
265.723667
265.760750
265.818083
265.883083
265.988667
266.071000
266.125333
266.192250
266.268333
266.334417
266.399417
266.296417
266.246417
266.290167
266.306500
266.316750
266.293250
266.293333
266.317333
266.331333
266.335250
266.348333
266.357833
266.380750
266.408500
266.438333
266.474333
266.507167
266.540333
266.572083
266.604250
266.631417
266.659750
266.687167
266.714667
266.743417
266.769333
266.797417
266.824250
266.856667
266.884333
266.906667
266.930250
266.953583
266.981250
267.005500
267.030250
267.049500
267.073667
267.098500
267.125417
267.150000
267.166917
267.192833
266.875000
266.301750
265.613667
264.881083
264.135000
263.339250
262.529750
261.745583
261.003250
260.248250
259.482333
258.730167
258.309917
258.077667
257.903250
257.659500
257.380333
257.118833
256.820333
256.479000
256.089333
255.706250
255.214250
254.556500
253.869000
253.283000
252.733917
252.216000
251.645167
251.034917
250.390333
249.720333
249.083917
248.477750
247.921167
247.424250
246.895000
246.300500
245.677083
245.112500
244.689083
244.316167
244.005250
243.652667
243.304333
243.357167
243.905333
244.568250
245.547833
246.705917
247.790167
248.797917
249.586333
250.195917
250.744833
251.370167
251.894917
251.924250
251.469583
250.953583
250.248250
249.423000
248.716083
248.154750
247.836000
247.696083
247.554417
247.416250
247.300667
247.261667
247.300250
247.326417
247.343417
247.560917
248.099167
248.774250
249.413000
250.068917
250.815333
251.306000
251.696333
252.159750
252.716583
253.280250
253.725583
253.998333
253.900167
253.576750
253.210167
252.903917
252.666833
252.641417
252.938833
253.153000
253.247583
253.377333
253.733083
254.086667
254.509500
255.037000
255.690083
256.398750
256.939167
257.352333
257.582667
257.755000
257.929917
258.150833
258.222583
258.236083
258.199750
258.172083
257.985500
257.524917
257.081250
256.800083
256.526083
256.318167
256.107083
255.814917
255.503167
255.142583
254.679000
254.174417
253.792833
253.583500
253.493500
253.562750
253.638417
253.672583
253.704000
253.682333
253.524167
253.332167
253.243000
253.157833
253.027250
252.792833
252.463750
251.996917
251.621167
251.258667
250.885250
250.587333
250.518167
250.596667
250.676167
250.762667
250.751917
250.827000
251.000333
251.094667
250.990250
250.867667
250.758000
250.663583
250.522417
250.225500
249.876250
249.452167
249.113917
248.717083
248.195417
247.722667
247.451333
247.203000
246.931500
246.693250
246.406500
246.197000
246.071833
245.934167
245.737333
245.592250
245.556333
245.494333
245.266500
245.075333
244.928417
244.751333
244.640417
244.532333
244.395167
244.250083
244.136250
244.039250
243.911000
243.824917
243.793417
243.780333
243.797333
243.771167
243.644583
243.549667
243.480000
243.453250
243.479917
243.522667
243.594250
243.665917
243.728083
243.718833
243.635167
243.599917
243.482833
243.256250
243.104500
243.082250
243.049833
243.003333
242.953583
242.895833
242.961583
243.105833
243.287750
243.462917
243.744000
244.054083
244.269917
244.421917
244.585333
244.719917
244.807667
244.954667
245.013917
245.029583
245.034417
245.024333
244.992917
244.982667
244.978667
244.933167
244.852833
244.767917
244.658083
244.496167
244.306583
244.106417
243.882583
243.649417
243.500917
243.359250
243.225417
243.099833
242.911583
242.678333
242.498417
242.364500
242.276417
242.194333
242.137250
242.071583
241.916417
241.785833
241.774667
241.795333
241.875167
242.030667
242.173667
242.302333
242.479000
242.640000
242.772667
242.921500
243.150333
243.427417
243.579250
243.686833
243.779583
243.887250
244.080417
244.298333
244.321250
244.230167
244.132833
244.066250
243.970583
243.861833
243.805083
243.719333
243.587917
243.414500
243.170333
242.818583
242.550917
242.440250
242.359083
242.233500
242.123333
242.011000
241.894833
241.819083
241.815750
241.877000
241.968667
242.174917
242.418500
242.591083
242.818583
243.097167
243.372750
243.608917
243.823000
244.072583
244.445417
244.977083
245.553167
246.196333
246.769667
247.222250
247.465083
247.650167
247.810500
247.949667
248.017500
247.981417
247.785333
247.393917
246.916667
246.319250
245.793833
245.388667
245.165167
245.018583
244.902833
244.825833
244.799917
244.766000
244.774667
244.789833
244.778750
244.775583
244.787667
244.886750
244.992417
245.121583
245.245083
245.305833
245.302417
245.337583
245.361917
245.426500
245.537583
245.622500
245.672667
245.656917
245.580000
245.490333
245.393917
245.334833
245.328083
245.289000
245.162083
244.985583
244.785167
244.627250
244.462750
244.300917
244.186917
243.993500
243.795167
243.630167
243.494500
243.446917
243.467750
243.479583
243.480083
243.452250
243.442333
243.461333
243.485083
243.590500
243.730083
243.917667
244.077000
244.174250
244.281333
244.392500
244.547333
244.740250
244.897917
244.845500
244.682750
244.464000
244.195250
243.836167
243.504250
243.186583
242.881250
242.593250
242.264250
241.878333
241.513333
241.284083
241.094667
240.832917
240.557167
240.325667
240.093083
239.825583
239.481000
239.077083
238.695083
238.387083
238.075417
237.814333
237.563000
237.373917
237.236000
237.153250
237.094000
237.078333
237.071917
237.088500
237.069500
236.981667
236.906917
236.850167
236.822917
236.784667
236.710333
236.556000
236.350917
236.143833
236.000750
235.918667
235.857250
235.797417
235.741500
235.684250
235.644417
235.642333
235.659250
235.679833
235.728000
235.738833
235.730583
235.687500
235.635917
235.596250
235.543083
235.473500
235.405417
235.294750
236.048083
236.980667
237.731417
238.650750
239.727667
240.837500
241.866917
242.819250
243.593250
244.334917
245.069000
245.824250
245.721500
245.480667
245.468000
245.404500
245.252250
245.060833
244.892833
244.751583
244.784000
244.916417
245.090417
245.272750
245.474333
245.675250
245.813000
245.754250
245.573750
245.369750
245.190833
245.057000
245.012083
244.982167
244.953417
244.907750
244.831250
244.743917
244.679583
244.726917
244.814917
244.882417
244.990750
245.115500
245.206000
245.287250
245.376167
245.467167
245.560917
245.628583
245.694000
245.801667
245.959917
246.216917
246.435833
246.565833
246.589417
246.510000
246.363917
246.199667
246.043250
245.919500
245.804833
245.674500
245.530333
245.351667
245.214167
245.141500
245.153417
245.212250
245.298750
245.419417
245.527083
245.618500
245.688167
245.736000
245.765333
245.736833
245.677000
245.632167
245.575000
245.511000
245.441833
245.341583
245.252833
245.163583
245.048750
244.961083
244.910333
244.939583
245.023500
245.104500
245.170250
245.239000
245.375083
245.697417
246.077500
246.703333
247.512250
248.974167
250.596083
251.944583
253.235417
254.434583
255.494167
256.547417
257.588917
258.598167
259.721167
260.869000
261.838417
261.845667
261.503500
261.396917
261.386083
261.616333
262.149667
262.778500
263.191750
263.405750
263.506667
263.300833
263.047917
262.994000
263.098500
263.214500
263.273667
263.126000
262.819333
262.531917
262.564000
262.769917
262.973167
263.246083
263.567167
263.847333
264.077833
264.256500
264.376333
264.565583
264.795250
264.927000
264.841583
264.534250
264.140417
263.676833
263.122250
262.631000
262.159250
261.745833
261.472083
261.225083
260.930833
260.564000
260.212500
259.874667
259.495583
259.131083
258.869250
258.682583
258.531417
258.406083
258.195417
257.938917
257.636250
257.309167
257.043167
256.883417
256.802417
256.753833
256.663333
256.524750
256.350167
256.124667
255.887167
255.719833
255.583250
255.481417
255.339333
255.120833
254.917167
254.758833
254.646333
254.591000
254.542167
254.462000
254.355500
254.182417
254.060667
254.006083
253.947083
253.990917
254.164583
254.311917
254.465833
254.611833
254.798333
254.995333
255.236333
255.491833
255.718417
255.930667
256.226583
256.477833
256.500667
256.526083
256.767750
257.166083
257.438917
257.591000
257.702667
257.810167
257.901167
258.018667
258.105417
258.254750
258.503917
258.617750
258.447500
258.146167
257.988333
257.992667
258.113333
258.362500
258.768667
259.372417
259.883167
260.983319
262.055888
263.193859
264.446509
265.269334
266.181192
266.920838
267.578733
267.957992
268.089823
267.821666
267.738177
267.124062
266.509946
265.857613
265.092957
264.661789
264.123988
263.624349
263.124710
262.733294
262.380191
262.150436
261.843600
261.478480
261.113360
260.842672
260.855927
260.914360
260.787331
260.644674
260.502017
260.400800
260.569567
261.237910
261.997053
262.716352
263.435651
263.866885
264.027959
264.376122
264.704946
265.093137
265.481328
265.870735
265.932538
265.600609
264.979660
264.332965
263.686269
263.410433
263.154312
262.877991
262.710737
262.773643
262.836550
262.879789
263.035566
263.348958
263.809601
264.134758
264.459915
264.547335
264.752541
264.720220
264.720980
264.629456
264.537931
264.339073
264.150057
263.637700
263.159360
262.726992
262.294624
261.847104
261.274017
260.702510
260.148796
259.438550
258.728305
258.205607
257.669542
257.195384
256.702819
256.159561
255.616304
255.255013
254.846607
254.456614
254.176311
253.980611
253.784911
253.617894
253.584160
253.458089
253.280843
253.184958
253.089073
252.862110
252.686921
252.656548
252.441616
252.240360
252.039104
251.660058
251.040095
250.651049
250.345706
249.967318
249.588931
249.275922
249.043608
248.720971
248.458244
248.242828
248.027412
247.960172
248.262063
248.548752
248.736855
249.001611
249.266368
249.455195
249.593919
249.885787
250.129285
250.249191
250.369097
250.501644
250.516579
250.494209
250.404362
250.415185
250.426009
250.513830
250.582928
250.678529
250.784738
251.293704
251.802670
252.136274
252.355277
252.680317
253.100213
253.380337
253.660460
253.835321
253.959553
254.011684
254.168517
253.823583
253.478649
253.233829
252.934265
252.496189
252.072591
251.840321
251.608050
251.492879
251.405425
251.278203
251.166468
251.135844
251.105220
251.106411
251.179830
251.317492
251.514305
251.585576
251.656848
251.750974
251.975797
252.146469
252.341089
252.709553
253.078017
253.378802
253.543453
253.585355
253.712636
253.779111
253.845586
253.879264
253.658581
253.407014
253.092328
252.654316
252.216304
251.798772
251.521807
251.330959
251.102755
250.946654
250.790553
250.556349
250.445960
250.441158
250.374456
250.277816
250.181175
250.151087
250.091620
249.942200
249.690161
249.446683
249.203205
249.017282
248.782163
248.529017
248.384908
248.444415
248.503922
248.566517
248.601055
248.566302
248.476081
248.275853
248.075626
247.973262
248.020298
248.070677
248.032651
247.871025
247.709399
247.405270
247.158918
247.370321
247.682245
248.004854
248.327463
248.565216
248.705791
248.775035
248.839799
248.932821
249.025842
249.169903
249.253946
248.998843
248.663761
248.467070
248.270379
248.147549
248.122129
248.186487
248.341789
248.299838
248.257886
248.204114
248.100464
248.011585
247.961721
247.878629
247.795537
247.648608
247.427305
247.035534
246.666236
246.437762
246.209288
246.086173
246.074999
246.041945
245.962137
245.896561
245.830985
245.746906
245.717097
245.793790
245.778538
245.780101
245.781663
245.807332
245.825326
245.958560
246.156639
246.270685
246.384730
246.478175
246.555434
246.579920
246.683643
246.844578
247.005512
247.056674
247.020251
246.794974
246.563105
246.448020
246.332934
246.260846
246.176317
246.105668
245.969393
245.753468
245.537542
245.327091
245.175481
245.099514
244.978683
244.812453
244.646222
244.547883
244.430264
244.547695
244.730721
244.761130
244.791540
244.769441
244.796581
244.821814
244.916712
245.134942
245.353172
245.429825
245.426496
245.227741
244.990500
245.038287
245.086074
245.163167
245.209520
245.445518
245.696353
245.770256
245.844159
245.900939
246.004892
246.133069
246.162113
246.063449
245.964784
245.915052
245.895064
245.750239
245.590487
245.474612
245.358737
245.314695
245.323758
245.299019
245.284135
245.328678
245.373221
245.385485
245.448533
245.672688
245.844738
245.981052
246.117367
246.223311
246.301165
246.389713
246.536190
246.585965
246.635741
246.774673
246.794628
246.655239
246.445552
246.323138
246.200724
246.133139
246.023364
245.880617
245.738345
245.701612
245.664879
245.539457
245.377758
245.146777
244.931072
244.757448
244.583823
244.451539
244.365484
244.291787
244.230340
244.113237
243.996133
243.913849
243.857473
243.763906
243.763100
243.714795
243.666491
243.500721
243.326439
243.169698
243.016860
242.816507
242.616154
242.404991
242.279971
242.212219
242.112684
241.964291
241.815898
241.756331
241.747695
241.827599
241.925042
242.177185
242.429328
242.782399
243.176849
243.472237
243.724003
244.116080
244.508157
244.998266
245.494891
245.837875
246.156905
246.440745
246.724585
246.906705
246.918817
247.036179
247.224538
247.280549
247.336561
247.293435
247.187770
247.074426
246.996662
246.810276
246.623890
246.456028
246.367317
246.347922
246.269552
246.360484
246.451416
246.644451
246.705400
246.942212
247.200367
247.465028
247.729689
247.959689
248.259327
248.712751
249.207255
249.491079
249.774902
249.952571
250.207540
250.350309
250.359388
250.453581
250.547775
250.745664
250.782562
250.602559
250.512798
250.564475
250.616151
250.752499
250.796961
250.839144
251.011430
251.197606
251.383783
251.672489
252.024509
252.306749
252.474534
252.603845
252.733156
252.837798
253.019229
253.001054
252.821222
252.538179
252.255136
251.839970
251.456174
251.136459
250.866027
250.548225
250.230424
249.767295
249.381677
249.098888
248.939554
248.834824
248.730094
248.578751
248.386149
248.115974
247.869783
247.709527
247.549272
247.452222
247.369183
247.331298
247.244766
247.148786
247.052806
246.963868
246.956521
247.037004
247.036798
246.938931
246.841063
246.716727
246.633639
246.612411
246.575765
246.543977
246.512189
246.440962
246.318693
246.141183
246.009020
245.857545
245.706070
245.631624
245.485640
245.337886
245.226081
245.102537
244.978992
244.834507
244.673080
244.541663
244.383540
244.271069
244.158597
244.046866
243.898457
243.745342
243.636754
243.561007
243.485260
243.435717
243.411504
243.386573
243.372715
243.472207
243.571700
243.689683
243.891229
244.100506
244.246086
244.396923
244.547760
244.633488
244.652051
244.661837
244.668743
244.571103
244.473464
244.329767
244.198940
244.072154
243.996356
243.898605
243.800855
243.860193
243.959771
244.051882
244.225915
244.404930
244.583945
244.770391
245.137037
245.482863
245.786385
246.004817
246.223249
246.383706
246.687467
246.986406
247.289501
247.701622
248.113743
248.469148
248.557870
248.763795
248.976227
249.240559
249.504890
249.668360
249.828570
250.184656
250.402963
250.479656
250.556349
250.760801
251.076347
251.287848
251.536975
251.839817
252.142660
252.349539
252.449427
252.276976
252.166007
252.035653
251.905300
251.737085
251.453129
251.017715
250.674328
250.303986
249.933643
249.659952
249.556035
249.583772
249.624163
249.630464
249.636765
249.612172
249.719809
250.036886
250.333947
250.679244
251.024540
251.450031
251.545572
251.556661
251.609125
251.697227
251.785330
251.945428
252.119298
252.142956
252.047595
251.894114
251.740634
251.717882
251.856761
252.231524
252.576745
252.679142
252.781539
252.773823
252.694447
252.761614
252.764030
252.755002
252.745974
252.553970
252.339939
251.946182
251.581655
251.465855
251.350054
251.270802
251.239487
251.214292
251.193555
251.269637
251.345718
251.394273
251.334794
251.303520
251.215452
251.090619
250.965787
250.907284
250.736226
250.533302
250.429033
250.197072
249.965112
249.899761
250.021093
250.125601
250.134185
250.164463
250.194742
250.163840
250.067819
250.103200
250.063338
250.220282
250.377227
250.430044
250.412294
250.324613
250.329708
250.368950
250.408192
250.457237
250.673999
250.650360
250.729659
250.692870
250.656081
250.670444
250.620895
250.672451
250.773794
250.866489
250.959185
251.099283
251.311459
251.532935
251.586009
251.667759
251.749509
251.886599
252.083425
252.328444
252.548114
252.783183
253.018252
253.254870
253.663146
254.034302
254.681015
255.594430
256.507846
257.282979
257.972663
258.452010
258.938278
259.599547
260.260816
261.034691
261.571815
262.141195
262.489265
262.685921
262.882576
263.146385
263.549316
263.982081
264.271383
264.297221
264.323059
264.394129
264.544558
264.863215
265.213407
265.267064
265.320722
265.104439
265.000127
265.041260
265.323336
265.721413
266.119489
266.142306
266.061704
265.869191
265.471903
265.141574
264.811244
264.879977
264.914424
264.758858
264.433075
264.144829
263.856583
263.592768
263.106349
262.626750
262.402044
262.124451
261.846858
261.574341
261.167651
260.971357
261.209470
261.398265
261.587059
261.619993
262.112709
262.472326
262.764249
263.238475
263.712700
263.931641
264.094739
264.052455
263.541799
263.104474
262.667150
262.550179
262.286011
262.069087
261.926252
261.848495
261.770739
261.754311
261.695483
261.926173
262.220996
262.827204
263.433413
264.131449
264.764661
265.660825
266.618032
267.648404
268.678777
269.790367
271.074811
272.268369
273.644445
274.631732
275.619019
276.385050
277.205968
278.195709
278.934275
279.300639
279.667002
279.869296
280.255025
280.455210
280.465337
280.397372
280.329407
280.130236
279.904088
279.710734
279.591049
279.545275
279.499502
279.531850
279.074211
278.631785
278.389748
277.915474
277.441200
277.112348
276.625722
275.716171
274.917475
274.258298
273.599121
273.159742
272.817106
272.561462
272.004125
271.676567
271.349009
271.074804
270.852463
270.754130
270.662542
270.758670
270.854797
270.891607
270.978951
271.175321
271.772649
272.506510
273.240372
273.803040
274.507601
275.246455
275.894071
276.184606
276.475141
276.625486
276.769358
276.944000
276.931501
276.765447
276.599393
276.583511
276.498400
276.180873
275.942808
275.849452
275.756096
275.529485
275.356300
275.081830
274.509603
274.036728
273.563853
273.404111
273.272306
273.370000
273.419312
273.328463
273.237615
273.153386
273.133560
273.106293
273.190343
273.525281
273.860219
273.996356
273.977895
273.815547
273.378929
273.146912
272.914894
272.577021
272.063787
271.407117
270.800400
270.038399
269.276398
268.539960
267.771505
266.823400
266.094335
265.432513
264.770691
264.270574
263.865061
263.459569
263.145849
262.833570
262.521291
262.012151
261.505437
261.269030
261.081876
260.718109
260.354342
260.170741
260.125839
260.137520
260.008176
259.837405
259.666634
259.479495
259.285721
259.032066
258.898310
258.705948
258.513585
258.238586
257.988299
257.826375
257.815010
257.704796
257.594582
257.593648
257.604678
257.546519
257.346237
257.231874
257.117510
256.967379
256.763184
256.628095
256.382543
256.113247
255.843951
255.456788
255.071868
254.733299
254.459873
254.250025
254.040178
253.878208
253.603341
253.200648
252.984339
252.886257
252.788175
252.746867
252.767375
252.738503
252.589324
252.437192
252.285061
252.140621
252.121741
252.246539
252.335789
252.251916
252.168044
252.288511
252.526484
252.682812
252.823144
252.884009
252.944874
253.099433
253.161241
253.039241
252.774297
252.715176
252.656054
252.598746
252.442108
252.683879
253.017076
253.428151
253.839227
254.188620
254.355303
254.584852
254.850040
254.940308
255.030575
254.980120
254.925059
254.645879
254.319304
254.147546
253.975788
253.635461
253.386870
253.247602
252.955037
252.765123
252.575208
252.425460
252.301145
252.186083
252.222644
252.007225
251.791807
252.037468
252.276567
252.395161
252.470974
252.723036
252.975099
253.098178
253.144655
253.036967
252.669202
252.370471
252.071739
251.662029
251.263777
250.832314
250.612156
249.908174
249.204192
248.675083
248.123150
247.714783
247.482493
247.374207
247.265920
246.990304
246.938618
246.825226
246.706394
246.846584
246.986774
246.869710
246.854837
246.859667
246.788631
246.612944
246.437257
246.170297
245.829758
245.639722
245.373833
245.191555
245.009277
245.017012
245.096560
245.106925
245.078503
245.086791
245.095079
245.142452
245.136993
245.149484
245.218191
245.369732
245.521273
245.745124
245.804621
245.809230
245.881706
245.894552
245.907397
245.961159
246.115878
246.414847
246.521914
246.546007
246.570099
246.562515
246.762959
247.093197
247.529708
247.801718
248.073729
248.223891
248.366796
248.546996
248.747504
248.953397
249.159290
249.385120
249.468946
249.482187
249.325615
249.447665
249.569715
249.902846
250.242120
250.488565
250.785082
251.036006
251.286929
251.509903
251.731005
251.850375
251.928566
251.897222
251.865878
251.625136
251.300901
250.803033
250.240035
249.742160
249.244284
248.769431
248.265531
247.737715
247.525646
247.199434
246.873221
246.616728
246.336277
246.232346
246.150255
246.037477
245.924699
245.816970
245.766424
245.785454
245.568279
245.511819
245.455359
245.399386
245.405821
245.255285
245.335659
245.346004
245.356350
245.382800
245.446346
245.956189
246.501368
247.057479
247.613589
248.212348
248.683163
249.157262
249.538218
250.002361
250.466504
250.784877
250.905979
250.800523
250.902217
250.975444
251.048670
251.512253
252.078938
252.699148
253.325433
253.975883
254.626334
255.524133
256.365180
257.038445
257.443097
257.704329
257.965561
257.974345
257.798489
257.498514
257.137222
256.770985
256.404747
255.879543
255.635258
255.275017
255.223689
255.228912
255.234136
254.854127
254.669504
254.590789
254.578019
254.633912
254.689805
254.469163
254.105123
253.867105
253.309315
252.741358
252.173402
251.907758
251.649144
251.332798
251.090046
250.699224
250.308402
250.242816
250.281685
250.389792
250.351345
250.429338
250.507331
250.405572
250.304251
250.217857
250.144997
250.114446
250.083895
250.060469
249.992938
249.810148
249.935004
250.062913
250.190823
250.391663
250.560253
250.717678
250.737993
250.792400
250.846808
250.818729
250.777569
250.895761
250.925702
251.009206
251.092710
251.146894
251.330701
251.503733
251.743814
252.048628
252.353443
252.565334
252.830676
253.024567
253.179106
253.394279
253.609453
253.841672
254.072060
254.346705
254.680323
254.800346
254.920369
255.221216
255.238102
255.246058
255.179596
254.974552
254.769508
254.597246
254.216409
253.844283
253.388257
253.043018
252.697779
252.334518
252.215354
252.055809
252.173562
252.345051
252.516539
252.607840
252.789093
253.004416
253.148136
253.321301
253.494465
253.581130
253.674057
253.777693
253.728228
253.382312
253.036395
252.919618
252.875977
252.766260
252.736579
252.826241
252.915902
254.210064
254.266441
254.228291
254.178495
254.346002
254.513509
254.608940
254.733484
254.954341
255.318193
255.700982
256.083772
255.054554
255.360767
255.696762
256.073982
256.541107
257.008232
257.320900
257.555424
257.733020
257.755206
257.527733
257.300260
257.479808
257.969421
258.503415
260.784175
261.259842
261.735509
262.187500
262.519480
262.922595
263.335309
263.842931
264.350553
264.833333
264.913996
265.005969
263.333082
263.071645
262.810209
262.332606
262.013051
261.769091
261.758156
261.727743
261.697329
261.643216
261.389740
261.434776
261.462471
261.778989
262.095507
262.385002
262.466723
262.340688
261.953013
261.693957
261.434901
260.803006
260.288714
259.671766
259.450928
258.774391
258.097855
257.710069
257.502977
257.237593
257.147582
257.229486
257.311390
257.367278
257.509187
257.473232
256.909453
256.613218
256.316982
255.935544
255.710051
255.381175
254.957624
254.195394
253.433164
252.981129
252.627422
252.309906
251.988595
251.920141
251.851686
251.833998
251.589904
251.644797
251.655457
251.727823
251.800189
251.908769
251.825531
251.600544
251.575086
251.545470
251.515854
251.532588
251.632679
251.752116
251.777297
251.530059
251.282820
250.927317
250.688238
250.581098
250.263476
249.774616
249.285756
248.713276
248.089554
247.382576
246.666448
246.245712
245.824977
245.430312
244.907490
244.163642
243.580845
243.148713
242.716582
242.473125
242.266555
242.146197
242.546088
242.744005
242.941921
243.287057
243.661950
244.170620
244.684704
245.201544
245.718385
246.016179
246.121655
245.875387
245.027823
244.427050
243.826277
242.992243
241.945615
241.209783
240.357811
239.370374
238.382937
237.636934
237.049650
236.588668
236.175062
235.550474
234.925886
233.897807
233.653791
233.095592
232.727215
232.327690
231.928165
231.542088
231.071822
230.617222
230.227109
229.945319
229.663528
229.969217
230.130330
230.235154
230.179891
230.186900
230.193909
230.039560
230.013123
230.376005
230.648711
230.999745
231.479030
231.952289
232.082870
232.373462
232.869561
233.439807
233.998553
234.647546
235.353148
235.739667
236.192750
236.423083
236.438750
236.327917
236.327900
236.297966
236.270187
236.377656
236.251276
236.298328
236.245047
236.174341
236.390790
236.931556
237.512162
239.409100
241.186471
241.566068
241.834268
241.875856
242.018528
242.345343
242.672159
242.984681
243.385171
243.357012
243.139069
241.784250
240.429431
240.501856
240.621955
240.624456
240.752941
240.864952
240.976963
241.008924
240.811014
241.125935
241.726996
242.351635
242.976274
243.772182
246.652036
248.735060
250.458093
251.169662
251.881232
252.814077
255.318120
256.936368
258.577663
260.420204
262.262745
264.671397
264.994779
266.285815
267.544164
269.054921
270.565679
271.160955
269.793888
269.326364
268.399541
267.628380
266.857218
265.049177
263.432203
262.067474
261.469739
261.260841
261.051943
261.763151
263.037182
263.846256
264.766006
265.338671
265.911336
266.973310
267.896543
268.345996
268.280342
267.626658
266.972974
266.276273
265.455167
264.746257
264.389071
263.888827
263.388583
262.706678
261.795425
261.129992
261.160477
264.959427
268.758377
268.979505
269.210871
269.381086
269.807442
270.263832
270.720222
271.091431
271.559863
271.925578
271.765607
268.312503
264.859398
264.883240
264.900714
265.066020
264.845619
264.690524
264.535428
264.410205
264.157293
264.068247
264.121340
264.344635
264.567930
264.718129
265.081792
265.821686
266.808573
268.277051
269.745529
270.700971
271.949488
273.163139
274.414248
275.963631
277.513013
279.225657
280.423592
281.333092
282.318873
282.645584
282.972295
283.679479
284.282458
285.296036
286.707619
287.572599
288.437579
289.712560
290.893654
291.418037
291.705760
291.681417
291.657074
292.310254
293.202451
293.859970
293.879669
294.579714
295.279760
295.896924
296.380595
297.458857
298.476435
299.483475
300.490514
301.051005
301.565798
301.791552
301.909266
302.161715
302.414164
302.351540
302.773399
303.680552
304.415232
305.336388
306.257543
306.604263
306.563370
306.050964
305.772013
304.778712
303.785411
302.849737
301.964752
300.898649
299.886869
299.126991
298.367114
298.060783
298.076111
298.610293
299.249870
300.463196
301.676521
302.613271
303.058996
302.423363
302.417877
301.928177
301.438477
301.117956
300.123444
298.986806
297.867673
296.073868
294.280062
292.776037
291.748833
291.565394
291.179553
291.583132
291.986712
292.076716
292.707993
293.591009
293.915118
294.462959
295.010801
295.305689
295.152133
294.835068
294.044607
292.841733
291.638860
290.436485
289.272731
287.663127
286.162242
284.998586
283.834930
282.678678
282.520846
282.592367
282.604418
282.262426
281.920433
281.402298
280.756495
280.641848
280.934812
280.855141
280.775469
280.923495
280.606979
280.308739
280.108772
279.916646
279.724520
280.022469
281.000300
281.723211
282.457385
282.991124
283.524864
283.551608
283.347481
282.598117
282.111786
282.307368
282.502950
282.562098
282.141574
281.693222
280.904165
280.441920
279.979675
279.988312
279.798269
279.719902
279.627627
279.124911
278.622195
277.899434
276.783752
275.921321
275.375346
274.740367
274.105387
273.662300
273.723783
273.714907
273.713837
273.830561
273.947286
274.135480
274.441742
274.742991
274.959755
274.917735
274.875715
274.559153
273.978533
273.421705
272.499992
271.704720
270.909447
270.406476
270.153776
269.653384
268.883288
268.230054
267.576820
266.996198
266.694466
266.752299
266.994054
267.220556
267.447057
267.741107
267.722880
267.764259
268.265521
268.997742
269.729963
270.238391
270.546448
270.632983
270.620166
270.447606
270.275047
269.812355
269.758448
269.811256
269.700877
269.618126
269.535375
269.963137
270.279399
270.588453
270.976664
271.297709
271.618754
271.826525
272.028989
272.190236
272.394534
272.440509
272.486483
271.980527
271.506007
271.245700
271.112851
271.080816
271.048780
271.209613
271.204816
271.165054
270.835467
270.537478
270.239489
270.201808
270.139318
270.136154
269.851611
269.481036
269.110461
268.741051
268.598661
268.522301
268.662313
268.507327
268.352341
268.281489
268.117658
267.805252
267.746981
267.590268
267.433556
267.269089
266.857725
266.399297
266.047338
266.115089
266.182841
266.229146
266.873149
267.253731
267.886457
269.015068
270.143679
271.165560
272.124296
273.073377
273.770607
274.074476
274.378344
274.521576
274.083496
274.016174
273.523923
272.398087
271.272250
270.278290
269.503560
268.846535
268.334569
267.994512
267.654455
267.329013
267.133647
267.256195
267.577924
268.388552
269.199181
269.737686
270.056557
270.183184
270.224876
270.339048
270.453219
271.010826
271.688807
271.740005
271.804347
271.784342
271.764338
272.349439
272.915738
273.621806
274.219561
274.684008
275.148455
275.104561
274.965630
274.982091
274.887993
274.763758
274.639524
274.135816
273.726364
272.857246
272.221316
271.682800
271.144285
270.793564
270.362605
270.057554
269.685000
269.197657
268.710314
268.315839
267.857765
267.767746
267.751371
267.636996
267.522621
267.330452
267.534253
267.741338
268.073095
268.525686
268.978277
269.281947
269.767331
270.227776
270.436056
270.633135
270.830215
271.076383
271.115916
271.298541
271.495756
271.617709
271.739662
271.687558
271.578679
271.389679
271.405174
271.644964
271.884753
271.941668
271.835386
271.634020
271.337232
270.911786
270.486341
270.388283
270.249685
270.317726
270.194260
269.774493
269.354726
268.909409
268.562447
268.146828
267.793920
267.499318
267.204717
266.974383
266.692464
266.256770
265.911936
265.718341
265.524745
265.375061
264.986750
264.571706
264.338450
264.150154
263.961858
263.758692
263.561147
263.329595
263.287857
263.285601
263.283346
263.520124
263.869039
264.045232
264.199331
264.330940
264.462550
264.487508
264.668650
265.085932
265.242320
265.167554
265.092789
264.831909
264.560801
264.508502
264.367467
264.389221
264.410975
264.392665
264.212657
263.982142
263.689219
263.589737
263.490255
264.014992
264.553876
264.700500
265.148023
265.549510
265.950996
266.853551
267.983762
269.387393
270.659353
271.515513
272.371674
272.827387
273.086906
273.748708
274.397527
274.996653
275.595779
275.852295
276.038343
275.907290
275.893224
276.282839
276.672455
276.968096
277.421789
277.611155
277.431313
277.256378
277.081444
276.900942
276.544451
276.617981
277.449954
278.051943
278.653933
279.079394
279.463572
279.736735
280.242203
280.613192
280.984182
281.225988
281.491933
281.380725
280.593936
280.142906
279.691877
279.331548
279.189509
279.493151
279.797012
280.354202
280.911392
281.599447
282.036207
282.567123
283.143117
283.623573
284.104029
284.451073
284.698461
284.590263
284.176325
283.459078
282.741831
281.958216
281.479642
280.913310
280.574483
280.926641
281.278798
281.494217
281.663968
281.881114
282.526858
283.292974
284.059090
284.395437
284.801117
285.241066
285.351830
284.617755
283.883680
283.490074
283.181976
282.973933
282.359024
281.623983
280.888941
280.587784
280.235219
280.006088
279.760295
279.668287
279.576279
279.422780
279.152430
278.809191
278.705571
278.810870
278.916168
279.275538
279.556519
279.760506
279.977481
280.194221
280.410962
280.891741
281.614062
282.234077
282.708995
283.135483
283.561971
283.747742
284.132538
284.350955
284.474218
284.612704
284.751190
284.545784
284.064601
283.873149
283.760315
283.607951
283.455587
283.086594
282.517774
281.869314
281.411550
280.852936
280.294322
279.803622
279.437057
279.049126
278.474281
277.647662
276.821042
276.243429
275.391446
274.698263
274.300013
274.032275
273.764537
273.460060
273.229978
272.798879
272.664246
272.824766
272.985285
273.141441
273.800374
274.254247
274.314997
274.384600
274.454203
274.435590
274.473717
274.715741
274.765582
274.522260
274.278938
273.867999
273.303263
272.952001
272.759407
272.707001
272.654594
272.782977
272.688647
272.647812
272.826075
273.232066
273.638056
274.195791
274.632385
274.991890
275.090879
275.063983
275.037086
275.031937
275.229024
275.331952
275.354627
275.596486
275.838346
276.420433
276.798795
277.056984
277.355543
277.628845
277.902148
278.145315
278.392443
278.422625
278.368266
278.215136
278.062007
277.463153
276.919629
276.585083
276.267296
275.871628
275.475960
275.412796
275.219325
275.212898
275.293012
275.314453
275.335894
275.430031
275.850695
276.014709
276.485931
276.851814
277.217697
277.255580
277.117755
277.101509
276.986074
276.911339
276.836604
276.967265
276.872144
276.656029
276.264053
276.186653
276.109253
275.866959
275.719607
275.455780
275.374733
275.171351
274.967969
274.562737
274.347761
274.246483
274.018389
273.737078
273.455767
273.299240
273.119331
272.806234
272.197286
271.704056
271.210826
270.595629
270.069585
269.915057
269.995255
269.829587
269.663920
269.511345
269.557259
269.675631
269.802966
269.883375
269.963783
270.156286
270.336881
270.536344
270.499644
270.654025
270.808406
270.836192
270.874619
270.978383
271.177656
271.373047
271.568438
271.700144
271.805359
271.647499
271.754845
271.771973
271.789101
271.842547
272.024630
272.125033
272.290746
272.347473
272.404200
272.440427
272.240440
271.967242
271.379163
270.846759
270.314354
269.975019
269.449692
268.884435
268.192136
267.619944
267.047752
266.475479
265.940236
265.524170
265.326296
265.096105
264.865913
264.580874
264.488164
264.533900
264.669358
264.798114
264.926870
265.184118
265.334209
265.360248
265.364726
265.443263
265.521800
265.610294
265.462159
265.284216
265.008280
264.762278
264.516276
264.189649
264.200615
264.318415
264.476949
264.461222
264.445496
264.395752
264.305677
264.399732
264.603444
264.987645
265.371847
265.697843
265.868324
266.119621
266.220517
266.576230
266.931943
267.450447
267.941963
268.323283
268.577713
268.516271
268.454829
268.480878
268.390091
268.208209
268.049784
267.671061
267.292338
266.884382
266.509399
266.116862
265.695147
265.519592
265.344037
265.066205
264.929214
264.911153
265.205823
265.546206
265.886589
266.055336
266.251109
266.380135
266.776993
267.013466
267.249939
267.531069
267.812792
267.730400
267.458430
267.179319
266.900208
266.523511
266.275653
266.064743
265.508077
265.112528
264.716980
264.645269
264.701276
264.873708
265.161133
265.577850
265.994568
266.769040
267.362239
267.733838
268.157155
268.454043
268.750931
268.897252
268.793261
268.903595
268.858869
268.850039
268.841209
268.456500
268.398084
268.662168
269.100466
269.628634
270.156802
270.568733
270.971151
271.621681
272.046066
272.308085
272.570104
272.646306
272.550288
272.336276
272.350675
272.216654
272.082634
271.934326
271.836657
271.515218
271.384773
271.268893
271.153013
271.369934
271.579870
271.738225
271.746325
271.950790
272.155256
272.629481
273.090424
273.355344
273.758644
274.506793
275.254941
276.110893
277.094317
278.429482
279.416356
280.429011
281.441666
282.527631
283.407043
284.928052
286.153773
286.909246
287.664719
288.318192
288.539625
288.877391
289.565887
290.115069
290.664251
291.143555
291.969401
292.201701
292.569145
293.140508
293.711871
293.914630
294.573003
294.387510
294.259242
294.187180
294.115117
294.082731
293.988983
293.940450
294.270925
294.390297
294.509669
294.738434
294.977725
296.016533
296.521161
297.392619
298.264076
298.762314
299.675397
300.418276
300.686874
301.348729
302.010585
302.968480
303.719513
304.452797
305.711207
306.337911
306.964615
308.080208
308.749069
309.391543
309.716970
309.555252
309.393534
309.324946
309.191554
309.165965
309.275157
309.506320
309.737483
309.136859
308.597112
307.830584
307.607079
307.589717
307.572355
307.018906
306.531024
305.749774
304.918493
303.983948
303.049403
302.852343
302.517339
302.579725
302.334554
302.377093
302.419632
302.748962
302.868197
303.407784
303.630971
304.068990
304.507009
304.584778
304.674889
305.128286
305.730217
306.633405
307.536593
308.464920
309.744258
310.823252
311.815353
312.480530
313.145706
313.862778
314.238815
314.215660
314.133720
313.791280
313.448840
313.334379
312.765142
311.486310
310.249029
309.257952
308.266876
306.873316
305.913012
304.792732
303.752336
302.325538
300.898739
299.388740
298.189106
296.954090
295.887755
294.798476
293.709197
293.145001
292.399380
292.005897
291.695119
291.731972
291.768824
291.483022
291.247859
291.322873
291.272390
291.213992
291.155594
290.757985
290.443802
290.218386
290.031909
289.745318
289.458728
289.435486
289.264793
289.086583
288.804311
288.777964
288.751617
289.170400
289.874385
290.434079
290.739667
290.819611
290.899554
291.155932
291.289157
291.641479
291.937307
291.993281
292.049255
291.738197
291.361679
291.035655
291.080635
291.200144
291.319654
291.099386
291.089943
291.065951
291.487579
291.848274
292.208969
292.648125
292.994652
293.365679
293.497846
293.790240
294.082634
294.395854
295.031039
295.486778
295.509018
295.786980
296.064941
296.389066
296.532463
296.618390
296.762576
296.828270
296.893964
297.188329
296.759379
295.882362
295.250249
294.326757
293.403264
292.434011
291.466881
290.293999
289.242381
288.408277
287.574173
286.599620
286.106595
286.322965
286.430550
286.692411
286.954272
287.516131
288.322192
289.457369
290.612635
291.550489
292.488342
293.245656
294.426717
295.315402
296.237877
297.117444
297.997012
298.524864
298.808815
299.211260
299.438405
299.966764
300.495122
300.976707
300.949526
300.706599
300.267784
299.771398
299.275012
299.138016
299.097921
298.673032
298.208191
297.010818
295.813446
294.919919
293.774312
292.824766
292.221937
291.648468
291.074999
290.250603
289.321699
288.517687
288.100283
287.739504
287.378726
286.924960
286.648496
286.588506
286.426664
286.621351
286.816037
286.853086
287.082687
287.233533
287.177434
287.312655
287.447876
287.646622
287.777148
287.642960
287.468341
287.216990
286.965640
286.916260
287.014333
286.983734
286.469561
285.891355
285.313148
284.537979
284.166229
283.870211
283.601402
282.881337
282.161273
281.151288
280.080793
279.163607
278.600629
278.298327
277.996025
278.051298
277.825422
277.636744
277.357307
277.335866
277.314425
277.416257
277.346344
277.338473
277.398399
277.441849
277.485298
277.396228
277.587046
277.986031
278.554860
279.081327
279.607793
280.248497
280.921964
281.530253
282.286868
282.836761
283.386655
283.939575
284.061254
284.030729
283.759453
283.585363
283.411273
283.292122
283.201434
283.097921
282.785891
282.553012
282.320132
282.108215
282.272792
282.472939
282.692835
282.956238
283.219640
283.481328
283.734535
283.975484
284.153880
284.249196
284.344513
284.429675
284.303459
284.108536
283.919744
283.530093
283.140442
282.529803
281.812152
281.173513
280.593600
280.272596
279.951591
279.632721
279.489156
279.290309
279.142853
279.322474
279.502096
280.024653
280.537829
280.954366
281.238945
281.475596
281.712247
281.993970
282.021655
282.230448
282.652351
282.723793
282.795235
282.711309
282.832998
283.002650
283.277214
283.522242
283.767270
283.643929
283.561679
283.364985
282.922539
282.804624
282.686709
282.434603
282.058578
281.708857
281.300410
281.008965
280.717519
280.873395
281.087855
281.267258
281.570765
281.689842
281.808919
281.992907
282.102163
282.186551
282.518410
282.730771
282.943133
283.345960
283.689705
283.999858
284.139890
284.673091
285.206291
285.919657
286.758052
287.647654
288.298503
288.892240
289.485977
289.608602
289.887324
290.231806
290.573771
290.610797
290.647822
290.621653
290.606738
290.364621
290.532822
290.965813
291.398804
291.797925
292.081912
292.397476
292.652578
292.875559
293.098541
293.211077
293.405721
293.760310
293.920260
294.053879
294.187497
294.464600
294.591494
294.554097
294.570707
294.507782
294.444857
294.468226
294.468030
294.488131
294.245186
293.673927
293.102669
292.512113
292.056737
291.706258
291.654045
291.731115
291.808184
291.657827
291.426926
291.163719
291.253110
291.494308
291.735507
292.056343
292.440236
292.870372
293.166959
293.294685
293.422412
293.949738
294.510170
295.239530
295.652730
296.148506
296.644282
297.266576
298.259682
299.062637
299.753835
300.648928
301.544022
302.269328
302.879934
303.287651
303.965190
304.602359
305.239527
305.606283
305.398771
305.297038
305.374802
305.245959
305.117116
304.880966
304.640419
304.478333
304.036517
303.323764
302.611010
301.801328
301.214066
300.661667
299.993441
299.284627
298.575813
297.881292
297.150518
296.481059
296.221695
296.184626
296.147558
296.329793
296.529907
296.832520
297.215841
297.781364
298.346888
298.702985
299.189435
299.504206
299.314939
299.132988
298.951037
298.781487
298.492185
297.868322
297.223790
296.425367
295.626943
295.200773
294.801676
294.220594
293.842748
293.401827
292.960907
292.437762
291.880386
291.605270
291.399920
291.152870
290.905820
290.482315
289.883443
289.765577
289.978551
290.476316
290.974080
291.135590
291.481374
292.176315
292.744626
293.235812
293.726997
294.464241
295.067347
295.591901
295.449404
294.924540
294.399676
294.358070
294.339666
294.315697
294.509875
294.760668
295.011462
295.021627
295.162028
295.112394
295.410337
295.759880
296.109423
296.277829
296.321831
296.026360
295.481776
295.242226
295.002675
294.694834
294.360100
294.112394
293.790769
293.581914
293.373060
293.166758
293.063489
292.924484
293.061689
293.045118
293.028547
292.982173
293.249919
293.526454
293.932737
294.350863
294.768990
295.339668
295.871592
296.445915
296.917419
297.144307
297.371195
297.773478
298.051079
298.331001
298.414538
298.345843
298.277148
298.188189
298.095215
298.073855
297.899768
298.038516
298.177264
298.341174
298.348269
298.426763
298.545319
298.695999
298.846680
298.955701
299.277448
299.424756
299.539350
299.621440
299.703529
299.631317
299.901886
299.963010
300.159027
300.315028
300.471029
300.591014
300.381910
300.276749
300.342585
300.272888
300.203191
300.129257
299.701281
299.250036
298.825198
298.694466
298.563733
298.447385
298.452070
298.432968
298.337496
298.237185
298.136874
298.001864
297.902748
297.954079
297.948769
297.784866
297.620964
297.348045
297.014353
296.738299
296.315661
295.995845
295.676028
295.546878
295.554019
295.397903
295.210378
294.984907
294.759435
294.625036
294.372821
294.067833
293.849322
293.625056
293.400790
293.130720
292.963292
292.898794
292.983213
293.269915
293.556618
293.751884
294.150846
294.521228
294.929128
295.288005
295.646881
296.143392
296.538231
296.929286
297.161995
297.224770
297.287544
297.361125
297.339882
297.394455
297.463849
297.608559
297.753268
297.720757
297.704516
297.766121
297.904292
298.182398
298.460505
299.031344
299.498159
299.849091
300.194163
300.385808
300.577454
300.898661
301.171590
301.456296
301.746689
301.750921
301.755152
301.388018
301.083433
300.813049
300.595673
300.441846
300.288020
299.897341
299.462433
298.963654
298.423487
298.006131
297.588776
297.333755
297.165141
297.047381
296.937185
296.949717
296.962250
297.139496
297.404264
297.661547
297.896233
298.070905
298.245577
298.434624
298.614464
298.870135
299.097013
299.259117
299.421221
299.636215
299.838023
300.056572
300.528394
301.011175
301.493955
302.125791
302.432223
303.179665
303.906288
304.843460
305.780632
306.754944
307.306628
307.842631
307.991803
308.270116
308.548429
308.964272
309.554947
309.534576
309.647954
309.344472
309.040990
308.589933
308.721949
309.072591
309.479301
309.689796
309.900291
309.782140
309.703822
309.822146
309.765485
309.978968
310.192451
310.599424
310.583013
310.298325
310.035044
310.188283
310.341522
310.569567
310.980044
311.261368
311.585470
311.716649
311.847829
311.716146
311.755732
311.945351
312.194110
312.304601
312.415092
312.470838
312.285484
312.160762
311.907949
311.574028
311.240107
310.881887
310.567617
310.154734
309.722504
309.094383
308.466263
307.903893
307.394669
306.839508
306.430504
306.234945
306.039385
306.002637
306.148369
306.246895
306.235774
306.298904
306.362035
306.445849
306.574572
306.725210
307.001376
307.334043
307.666710
307.896159
307.859294
307.757426
307.760656
307.850693
307.940730
308.017817
308.007495
307.785973
307.284091
306.754659
306.225227
305.735959
305.359456
305.080007
305.067159
304.878797
304.690435
304.401235
304.240308
304.157911
304.162806
304.019307
303.875809
303.797969
303.783549
303.807648
303.512052
303.290649
303.069247
303.026187
303.062317
303.199898
303.219620
303.278791
303.337962
303.356486
303.450287
303.598137
303.964696
304.299777
304.634857
304.908109
305.129262
305.220009
305.459918
305.714673
305.969429
306.142904
306.248230
306.350825
306.481272
306.700511
306.919749
307.091110
307.418709
307.890175
308.183876
308.519574
308.855273
309.280144
309.551300
309.783691
309.899035
309.966840
310.034645
309.985990
309.796954
309.595815
309.697993
309.680773
309.663554
309.600502
309.476415
309.287572
309.105293
308.949211
308.793129
308.772842
308.887718
309.031194
309.271243
309.611229
309.951215
310.284653
310.913249
311.607361
312.221690
312.617859
313.014028
313.408307
313.637863
313.811584
313.676387
313.680957
313.685527
313.695180
313.526797
313.412595
313.269849
313.285894
313.301938
313.269302
313.225550
313.162237
313.390925
313.492053
313.593180
313.659330
313.844805
313.815524
313.795809
313.833252
313.870694
314.026967
314.322024
314.516571
314.412455
314.401296
314.390137
314.385180
314.247429
314.202807
314.066292
313.875028
313.683764
313.449270
312.962148
312.537725
312.349561
312.106138
311.862714
311.611023
311.351295
311.035548
310.898651
310.766111
310.633570
310.246727
310.007062
309.760811
309.285934
308.751007
308.216080
307.769457
307.395348
307.191615
306.939359
306.604685
306.270012
306.216448
306.066597
306.043551
306.193558
306.422302
306.651047
306.935023
307.127408
307.298520
307.398458
307.590141
307.781825
307.920591
308.175797
308.493886
308.672854
308.703946
308.735039
308.557055
308.476781
308.228696
308.031194
307.883336
307.735479
307.552004
307.269264
306.830027
306.386302
306.015414
305.644526
305.508952
305.380015
305.430885
305.543246
305.539190
305.535133
305.518145
305.623736
305.768954
305.965477
306.096362
306.227247
306.262866
306.265198
306.268537
306.342679
306.493985
306.645292
306.869860
307.281041
307.860868
308.513565
309.323392
310.133219
310.770724
311.606969
312.413676
313.151477
313.844376
314.537275
315.003362
315.216222
315.418744
315.488515
315.692874
315.897232
316.277222
316.585910
316.695580
316.613889
316.681501
316.749112
316.985708
317.291130
317.561356
318.048823
318.144399
318.239975
318.375648
318.045708
317.818359
317.523366
316.915471
316.307576
315.760829
315.165349
314.543584
313.672429
312.971006
312.269582
311.497508
310.907834
310.352351
309.890528
309.581998
309.273468
309.017207
308.820320
308.570475
308.142532
307.761027
307.379522
307.043536
306.974673
306.750376
306.647542
306.587308
306.527074
306.345701
306.054710
305.676966
305.429858
305.154538
304.879219
304.737770
304.619202
304.658732
304.615865
304.592695
304.569524
304.552567
304.711512
304.605080
304.708336
304.955310
305.202283
305.068837
304.843702
304.570592
304.442126
304.291351
304.140577
303.968531
303.276927
302.919622
302.579554
302.116262
301.652969
301.321190
301.037231
300.708298
300.395159
300.033577
299.671995
299.318466
299.282870
299.077039
298.944613
298.641467
298.338320
298.133169
297.820694
297.885323
298.060010
298.233192
298.406375
298.330966
298.357376
298.691897
298.840828
299.381457
299.922086
300.209231
300.571103
300.757604
300.899401
301.100563
301.301725
301.760396
302.163284
302.570480
302.841278
302.799288
302.757299
303.143771
303.627670
304.105916
304.342995
304.601888
304.860781
305.313507
305.490089
305.626338
305.983101
306.404154
306.825208
307.088214
307.277471
307.390633
307.621735
307.827998
308.034261
307.984833
308.516642
308.956640
309.231153
309.588374
309.945595
310.440633
310.776085
311.043556
311.188924
311.504575
311.820226
312.153908
312.101423
312.018697
312.154999
312.269725
312.384450
312.139941
311.855527
311.753375
311.870529
311.984879
312.099228
312.394709
312.655469
312.845286
313.037399
313.282995
313.528590
313.954793
314.584615
315.149030
315.390177
315.245674
315.101171
314.619619
314.298940
313.967931
313.515709
312.915538
312.315366
311.794729
311.049797
310.219042
309.811656
309.729116
309.646576
309.650487
309.521337
309.494525
309.433881
309.289841
309.145800
308.944244
309.092354
309.204765
309.275752
309.205861
309.135971
309.232869
309.430453
309.586680
309.674998
309.922221
310.169444
310.315486
310.253616
310.303780
310.378881
310.634338
310.889796
311.036779
311.235837
311.648392
312.052104
312.350680
312.649256
313.012632
313.432386
313.728505
313.777753
313.784269
313.790784
313.876096
313.834190
313.736918
313.802228
313.733177
313.664126
313.635648
313.449460
313.307673
313.079959
312.849912
312.619865
312.368073
312.179804
311.930977
311.824331
311.932645
312.040960
312.149602
312.281113
312.437803
312.671565
312.775920
312.880274
312.959025
312.960894
312.995669
312.783951
312.531405
312.278859
311.884529
311.690353
311.355339
311.084277
310.845423
310.606570
310.421961
310.356809
310.295438
310.176760
310.194982
310.213203
310.353134
310.375165
310.506187
310.560298
310.628479
310.696660
310.928329
311.137421
311.350660
311.629807
311.860354
312.090902
312.249878
312.329160
312.365156
312.577487
312.687546
312.797605
312.713788
312.559697
312.232758
311.955276
311.656535
311.357793
311.227661
311.162476
311.204778
311.139211
311.138552
311.137894
311.068408
311.183840
311.169406
311.379850
311.522176
311.664502
311.762304
311.926999
312.236356
312.707624
313.144135
313.580645
314.106346
314.374247
314.842473
315.186907
315.323372
315.459836
315.490321
315.507571
315.399150
315.314280
315.229502
315.144725
314.861285
314.639562
314.433561
314.362185
314.458089
314.553993
314.631505
314.593730
314.606305
314.431938
314.484690
314.537443
314.861275
315.146255
315.339391
315.235494
315.246915
315.258336
315.355687
315.499512
315.496803
315.485128
315.082601
314.680074
314.216975
313.846481
313.716276
313.587509
313.229764
312.872019
312.447741
312.184746
311.893005
311.584623
311.401878
311.219134
311.118581
311.097244
310.880717
310.688975
310.593249
310.497523
310.420100
310.334432
310.232722
310.202751
310.140305
310.077858
309.771006
309.436864
309.297523
309.343330
309.465350
309.587369
309.632291
309.521708
309.559570
309.523959
309.483396
309.442833
309.676832
309.870005
309.816172
309.789922
309.687274
309.584625
309.575389
309.657130
309.746956
309.796148
309.949254
310.102361
310.163648
310.289518
310.630503
310.840993
311.161321
311.453588
311.758046
311.982625
312.127602
312.412954
312.735835
313.034787
313.176669
313.307404
313.217575
313.089007
312.943642
312.844955
312.746269
312.608182
312.432905
312.234744
312.028725
311.817919
311.705254
311.457535
311.236984
311.054581
310.921672
310.874636
310.821129
310.822660
310.872749
310.915062
310.911011
311.043289
311.224925
311.447594
311.868627
312.358157
312.719325
313.064588
313.405167
313.725883
314.043124
314.321617
314.773679
315.112378
315.264997
315.657852
315.743927
315.620445
315.555323
315.400841
315.262299
315.124466
314.997706
314.789337
314.443481
313.984774
313.615847
313.047427
312.683324
312.534704
312.450226
312.468783
312.501233
312.538177
312.549909
312.598765
312.817390
313.123207
313.194242
313.809931
314.376119
314.737668
315.051811
315.232892
315.395297
315.586258
315.796036
316.055244
316.034782
315.979762
316.154513
315.798810
315.473068
315.268074
315.159475
315.014371
314.895236
314.702154
314.455994
314.118482
313.898677
313.812180
313.776779
313.599960
313.541885
313.245870
312.872729
312.523186
312.191383
311.910105
311.693339
311.545085
311.385513
311.115247
310.773786
310.587481
310.268578
310.252446
310.185249
310.161364
310.109235
310.020777
309.887398
309.784940
309.440544
309.340480
309.390757
309.414047
309.418584
309.276571
309.236768
309.183629
309.014582
308.912198
308.664345
308.664027
308.983615
309.116552
309.111460
308.908526
308.825376
308.821495
308.697540
308.414810
308.159437
308.031075
308.111010
308.005742
307.867849
307.871407
307.697942
307.708906
307.417336
307.001605
306.705493
306.537951
306.506541
306.360975
306.186124
305.891538
305.774417
305.459925
305.401169
305.373324
305.662628
306.081876
306.429983
306.862012
307.367294
307.836723
308.107714
308.397240
308.499985
308.530820
308.613719
308.487587
308.211461
307.938611
307.835673
307.726954
307.698336
307.582019
307.686488
307.827764
307.831210
308.007276
308.080363
308.471499
308.924500
309.166659
309.459099
309.757851
309.927902
310.312709
310.602557
310.945254
311.324506
311.673739
312.142947
312.409454
312.726507
313.179619
313.417407
313.499949
313.492958
313.257973
313.059812
312.765022
312.562462
312.319679
311.890681
311.495605
311.054591
310.772163
310.343254
310.064957
309.796827
309.507825
309.272914
308.994321
308.801745
308.702558
308.577708
308.467916
308.319463
308.091192
307.943133
307.803993
307.748210
307.877914
308.070656
308.369456
308.517845
308.684720
308.972672
309.225273
309.441556
309.564649
309.744820
309.901527
309.991442
309.949544
309.821096
309.617218
309.469495
309.233426
308.969091
308.776830
308.549530
308.346670
308.220779
308.075727
307.913358
307.894404
307.821632
307.777262
307.788760
307.733760
307.853620
307.935252
308.154399
308.418894
308.689453
309.027634
309.430178
309.710037
309.968389
310.171646
310.280624
310.358378
310.277089
310.225769
310.105220
310.008794
309.818911
309.643405
309.376083
309.097766
308.893560
308.761991
308.790799
308.955994
309.149549
309.276754
309.373937
309.431122
309.638835
309.838112
310.091944
310.416957
310.757154
311.204081
311.505493
311.744410
311.957830
312.110517
312.248838
312.429400
312.519989
312.457517
312.491084
312.431109
312.369072
312.208738
312.120550
311.968147
311.790235
311.780329
311.734276
311.577962
311.367869
311.151718
310.860596
310.615761
310.444819
310.147621
309.802602
309.551310
309.264150
308.906062
308.631002
308.444572
308.278943
308.220309
308.098953
307.972272
307.742872
307.734352
307.750725
307.692721
307.686508
307.691124
307.578496
307.444163
307.460854
307.424205
307.436831
307.575765
307.746986
307.804067
307.897532
308.005849
308.211906
308.389503
308.683919
308.903987
308.983955
309.012258
309.068502
308.992109
308.881615
308.785624
308.576815
308.344910
307.997403
307.764562
307.448194
307.222715
306.905774
306.679738
306.357335
306.124252
305.851707
305.641650
305.435137
305.233353
305.019109
304.697029
304.534599
304.410138
304.315776
304.230499
304.277499
304.298024
304.268514
304.193489
304.159734
304.220505
304.244151
304.292000
304.239766
304.116933
304.010231
304.007304
303.901667
303.790334
303.922379
304.047806
304.177816
304.228439
304.426534
304.633845
304.897840
305.111422
305.417615
305.593397
305.845327
306.146843
306.362223
306.660520
306.958056
307.197467
307.438174
307.785484
308.051140
308.436442
308.844897
309.248507
309.543332
309.841878
310.134603
310.351062
310.555740
310.849332
311.108228
311.228981
311.338974
311.246335
311.017962
310.767838
310.516599
310.233945
309.913516
309.543460
309.216703
308.907951
308.714355
308.554270
308.514320
308.617790
308.824613
309.065114
309.305143
309.522741
309.723806
310.003400
310.279495
310.622548
310.773872
310.939308
311.027097
311.150556
311.193619
311.326843
311.546636
311.757217
311.896072
311.991809
311.963750
311.864372
311.909813
312.029943
312.209595
312.346949
312.551119
312.689044
312.812103
312.833819
313.027494
313.171712
313.466059
313.757355
313.922997
313.935941
313.889175
313.829478
313.648773
313.397380
313.101509
312.928876
312.533524
312.209564
311.895945
311.560173
311.141731
310.735893
310.306844
309.946752
309.695351
309.540960
309.384298
309.147402
309.037384
308.935646
308.749880
308.582497
308.510712
308.551966
308.678566
308.752111
308.781631
308.742734
308.733437
308.831154
309.028389
309.110845
309.150678
309.265348
309.451706
309.531489
309.603503
309.772463
310.022026
310.271840
310.505191
310.702944
310.723007
310.859932
311.027929
311.219666
311.378975
311.612971
311.819077
312.003288
312.157377
