255.741000
255.260000
255.048000
255.005000
254.612000
253.660000
253.541000
253.801000
254.347000
255.040000
255.310000
254.939000
255.095000
255.181000
255.674000
255.674000
255.742000
255.568000
256.731000
258.375000
258.424000
257.866000
257.875000
257.875000
257.172000
256.833000
257.384000
259.265000
258.905000
258.806000
258.871000
258.057000
257.750000
257.855000
257.659000
257.318000
256.833000
256.161000
255.760000
256.298000
256.089000
255.704000
255.704000
255.341000
255.341000
255.418000
255.045000
255.150000
255.196000
254.880000
254.886000
255.314000
255.454000
255.068000
254.789000
254.933000
254.664000
254.341000
253.946000
253.960000
253.253000
252.837000
252.382000
251.371000
251.061000
253.242000
254.432000
254.597000
254.440000
254.268000
253.924000
253.603000
254.190000
255.764000
254.923000
254.222000
254.288000
254.341000
254.615000
254.780000
254.687000
254.526000
254.558000
254.558000
254.463000
254.463000
254.612000
254.586000
254.469000
254.569000
254.690000
254.685000
254.647000
254.766000
254.870000
254.898000
254.902000
254.976000
255.065000
255.175000
255.159000
255.146000
255.171000
255.212000
255.303000
255.352000
255.392000
255.410000
255.454000
255.522000
255.554000
255.571000
256.653000
256.295000
255.996000
255.913000
255.811000
255.841000
255.825000
256.090000
256.676000
257.489000
257.292000
256.796000
256.730000
256.747000
256.735000
256.469000
256.394000
256.231000
256.400000
256.508000
256.778000
256.862000
256.960000
257.098000
257.360000
257.584000
257.093000
256.842000
256.993000
257.050000
257.024000
257.138000
258.167000
257.788000
257.384000
257.693000
257.992000
258.362000
258.427000
258.383000
258.882000
258.690000
258.835000
258.553000
258.301000
258.246000
258.010000
258.005000
258.521000
258.771000
258.662000
258.254000
257.892000
258.016000
258.173000
258.106000
258.329000
258.425000
258.337000
258.375000
258.325000
258.318000
258.339000
258.318000
258.380000
258.443000
258.466000
258.624000
258.913000
258.871000
258.750000
258.876000
259.539000
259.724000
259.772000
259.850000
261.001000
265.165000
266.400000
266.433000
268.188000
267.927000
269.429000
271.602000
273.092000
275.112000
275.009000
273.830000
264.835000
259.788000
259.754000
259.810000
259.837000
259.808000
259.799000
259.877000
259.913000
259.874000
259.800000
259.948000
260.141000
260.253000
260.177000
260.046000
259.804000
259.641000
259.983000
260.202000
260.266000
260.240000
260.060000
260.113000
260.129000
259.990000
260.033000
260.151000
260.278000
260.336000
260.323000
260.260000
260.309000
260.422000
260.534000
260.549000
260.503000
260.087000
260.306000
260.490000
260.652000
260.697000
260.692000
260.734000
260.797000
260.682000
260.764000
260.821000
260.827000
260.912000
260.943000
260.976000
261.060000
261.100000
261.114000
261.144000
261.191000
261.222000
261.289000
261.313000
261.496000
261.657000
261.742000
261.742000
261.766000
261.871000
261.815000
261.632000
261.777000
261.847000
262.005000
262.348000
262.430000
262.675000
262.985000
263.035000
263.075000
263.397000
263.766000
263.766000
263.698000
263.592000
263.319000
263.733000
263.130000
262.540000
262.496000
262.819000
262.942000
262.957000
263.038000
262.875000
262.895000
262.711000
262.639000
262.667000
262.637000
262.637000
262.841000
263.099000
263.254000
263.265000
263.290000
263.371000
263.696000
263.876000
263.895000
263.894000
263.929000
264.048000
264.182000
264.123000
263.806000
263.647000
263.542000
263.829000
264.235000
264.289000
264.347000
264.379000
264.453000
264.741000
264.925000
264.927000
264.969000
265.264000
265.312000
265.097000
265.195000
265.350000
265.315000
265.251000
264.899000
264.697000
264.509000
264.536000
264.379000
264.288000
264.447000
264.637000
264.772000
264.694000
264.986000
265.167000
264.844000
264.622000
264.639000
264.598000
264.658000
264.757000
264.894000
265.047000
265.048000
265.093000
265.111000
265.056000
265.011000
264.983000
265.093000
265.103000
264.988000
264.957000
265.012000
265.080000
265.149000
265.136000
265.151000
265.176000
265.243000
265.282000
265.304000
265.316000
265.327000
265.428000
265.470000
265.479000
265.496000
265.551000
265.626000
267.534000
266.871000
265.727000
265.992000
266.096000
266.594000
266.416000
266.122000
266.282000
266.409000
266.344000
266.406000
266.298000
266.271000
266.252000
266.188000
266.219000
266.312000
266.417000
266.410000
266.450000
266.456000
266.501000
266.520000
266.573000
266.604000
266.610000
266.620000
266.613000
266.710000
266.798000
266.796000
266.776000
266.796000
266.830000
266.850000
266.918000
266.915000
266.947000
266.942000
267.002000
267.042000
267.066000
267.079000
267.056000
267.128000
267.121000
267.147000
267.149000
267.205000
267.245000
267.265000
267.297000
267.245000
267.377000
263.265000
260.177000
258.871000
258.330000
258.194000
257.600000
257.491000
257.835000
258.357000
258.237000
258.054000
258.351000
258.222000
257.390000
256.778000
255.405000
254.844000
254.462000
253.909000
253.739000
253.681000
253.640000
252.150000
250.458000
249.972000
250.358000
250.189000
249.190000
247.994000
247.139000
246.174000
245.699000
246.044000
246.366000
245.471000
244.495000
243.621000
243.224000
242.708000
242.415000
242.913000
242.664000
242.443000
241.468000
241.864000
247.000000
252.049000
252.450000
255.376000
257.121000
255.719000
254.508000
252.374000
249.979000
249.030000
248.972000
248.161000
247.352000
246.593000
246.258000
246.912000
247.218000
247.236000
247.772000
248.549000
248.300000
247.330000
247.314000
246.774000
246.884000
247.056000
246.572000
247.116000
249.828000
253.695000
255.873000
256.214000
256.171000
256.287000
253.202000
251.458000
252.445000
253.738000
253.336000
252.460000
253.101000
252.517000
251.992000
251.815000
252.496000
253.442000
252.897000
255.027000
255.015000
254.873000
254.893000
256.729000
257.344000
257.591000
258.322000
259.652000
261.000000
259.927000
257.855000
257.791000
257.083000
256.972000
257.544000
257.590000
257.506000
257.155000
257.990000
257.413000
255.473000
254.603000
254.481000
254.503000
254.588000
254.439000
254.038000
253.849000
253.179000
251.592000
251.935000
252.834000
252.961000
253.523000
255.312000
255.411000
254.998000
254.816000
253.778000
251.951000
250.875000
250.522000
250.913000
251.267000
250.148000
249.574000
249.710000
250.902000
250.648000
250.335000
250.203000
251.121000
251.817000
251.476000
251.951000
251.138000
251.049000
251.654000
250.842000
249.649000
249.177000
249.019000
249.070000
249.427000
248.254000
247.285000
246.862000
247.079000
246.287000
245.394000
245.169000
246.393000
246.197000
245.761000
246.211000
245.986000
245.740000
245.783000
245.210000
244.717000
244.546000
244.963000
244.425000
243.659000
243.903000
243.998000
244.086000
244.655000
244.443000
244.137000
243.469000
243.351000
243.382000
243.424000
243.392000
243.281000
243.746000
244.202000
243.772000
243.136000
243.304000
243.301000
243.148000
243.671000
243.895000
244.283000
244.252000
244.027000
243.635000
243.198000
243.349000
241.731000
240.585000
241.480000
242.881000
243.282000
243.337000
243.686000
243.559000
244.816000
245.366000
245.381000
245.451000
245.104000
244.306000
244.070000
244.705000
245.243000
244.952000
244.739000
245.323000
245.527000
245.554000
245.439000
245.330000
244.727000
244.183000
244.022000
244.159000
244.279000
243.933000
243.421000
243.380000
243.252000
243.152000
242.753000
242.532000
242.945000
242.483000
242.416000
242.652000
242.020000
241.134000
241.262000
241.773000
242.195000
242.167000
242.068000
241.744000
241.083000
240.916000
242.282000
242.900000
242.978000
243.000000
242.978000
243.317000
244.315000
244.099000
243.660000
243.530000
243.829000
244.241000
244.104000
244.191000
244.091000
244.292000
245.296000
245.932000
244.590000
243.006000
242.492000
242.731000
242.681000
242.936000
243.423000
243.162000
242.514000
242.211000
242.366000
241.711000
241.378000
241.678000
241.518000
241.224000
241.359000
241.588000
242.029000
242.253000
242.474000
242.946000
243.466000
244.186000
244.301000
243.749000
244.248000
244.567000
244.666000
244.422000
244.598000
245.248000
246.948000
249.326000
250.379000
251.904000
251.181000
249.180000
247.162000
246.788000
246.590000
246.092000
245.412000
244.815000
244.595000
244.629000
244.652000
244.735000
244.876000
244.318000
244.480000
245.029000
245.201000
245.168000
245.101000
244.408000
244.699000
244.811000
244.519000
244.697000
245.021000
245.507000
245.748000
246.579000
246.683000
245.897000
245.060000
244.830000
244.991000
245.586000
245.852000
245.716000
245.623000
245.318000
244.825000
245.503000
245.526000
245.188000
244.979000
244.361000
243.468000
243.468000
243.447000
243.821000
243.649000
243.376000
243.457000
243.182000
243.146000
243.208000
243.351000
243.790000
243.718000
243.610000
243.453000
243.487000
243.530000
243.604000
243.742000
244.447000
244.821000
245.459000
245.263000
244.957000
245.003000
244.944000
245.311000
245.802000
245.422000
242.975000
241.789000
241.822000
241.596000
241.150000
241.280000
241.145000
241.339000
241.488000
241.363000
241.171000
241.042000
240.224000
239.516000
238.681000
238.287000
238.372000
238.489000
237.935000
237.204000
236.641000
236.779000
237.475000
237.302000
237.091000
236.500000
236.412000
236.632000
237.379000
237.778000
237.747000
237.127000
236.840000
236.551000
236.421000
236.405000
236.410000
236.173000
235.953000
235.740000
235.527000
235.317000
235.262000
235.410000
235.855000
235.814000
235.703000
235.734000
235.723000
235.695000
235.928000
235.943000
235.774000
235.895000
235.392000
235.311000
235.338000
235.195000
235.227000
235.096000
234.888000
234.878000
234.600000
244.983000
246.965000
244.904000
246.424000
248.234000
248.656000
247.548000
246.655000
244.384000
243.788000
243.687000
243.663000
243.750000
244.075000
244.752000
245.662000
246.407000
246.359000
245.532000
244.960000
244.773000
245.377000
245.775000
245.851000
246.169000
246.486000
246.405000
244.957000
244.241000
243.911000
243.385000
243.354000
244.234000
245.018000
245.430000
245.303000
245.251000
245.438000
245.633000
245.525000
245.297000
244.721000
244.685000
244.851000
245.320000
245.993000
246.497000
246.395000
246.376000
246.250000
246.418000
246.817000
247.196000
247.805000
247.312000
246.411000
245.603000
245.040000
244.744000
244.424000
244.499000
244.765000
245.042000
245.253000
245.466000
245.661000
245.662000
245.539000
245.746000
245.746000
245.782000
245.872000
245.791000
245.862000
245.878000
245.827000
245.818000
245.319000
244.944000
245.001000
245.060000
244.978000
244.952000
244.669000
244.726000
244.791000
244.500000
244.775000
245.209000
245.670000
245.951000
245.973000
245.849000
245.803000
246.585000
248.537000
249.287000
252.301000
254.207000
262.318000
264.672000
261.852000
261.441000
260.363000
258.564000
258.442000
259.083000
260.648000
262.763000
266.075000
265.840000
262.405000
260.566000
260.573000
261.311000
263.126000
264.964000
265.988000
264.042000
263.216000
263.974000
263.605000
262.805000
261.758000
261.820000
261.965000
262.021000
261.354000
261.284000
262.539000
264.427000
265.687000
266.413000
266.880000
266.658000
265.120000
264.586000
264.109000
263.459000
263.625000
264.040000
264.120000
263.402000
261.999000
261.687000
261.317000
260.003000
259.225000
258.925000
259.148000
260.174000
260.661000
260.509000
259.718000
259.184000
257.945000
257.138000
256.943000
256.861000
256.985000
257.111000
257.644000
257.646000
257.583000
256.877000
255.793000
255.992000
256.028000
256.166000
256.360000
255.775000
255.322000
255.016000
254.938000
254.796000
255.575000
255.238000
254.571000
254.287000
253.406000
253.722000
254.460000
254.425000
254.658000
254.430000
253.976000
253.518000
253.498000
253.777000
253.916000
253.579000
253.932000
255.806000
256.228000
256.272000
256.410000
256.668000
256.340000
256.410000
256.564000
256.496000
256.463000
257.130000
256.947000
256.080000
256.533000
259.172000
261.190000
259.942000
258.165000
257.750000
257.854000
257.588000
257.873000
258.171000
258.739000
259.070000
257.899000
257.129000
257.574000
258.048000
258.217000
259.198000
260.844000
262.462000
265.118000
264.300000
271.940826
271.940826
271.554657
272.160797
267.447906
268.990295
267.092743
267.092743
265.395111
264.043976
261.900116
263.298126
264.571442
264.571442
263.726654
262.984924
262.273895
262.536682
261.097076
261.097076
260.698120
259.806732
259.143066
259.616089
260.190002
260.190002
260.478394
263.143982
262.975098
261.012329
259.385193
259.385193
259.483521
261.831940
267.163177
268.725800
268.821594
268.821594
265.653198
265.076874
267.153046
264.958221
264.043488
264.043488
264.156403
262.573578
263.180023
261.274414
261.061249
261.061249
262.343170
262.003418
263.837189
262.951172
264.798370
264.798370
264.675262
264.442902
266.940735
266.802124
264.963135
264.963135
263.392212
264.465881
263.449341
262.960297
263.700073
263.700073
262.288971
262.174713
260.792450
261.062042
259.774719
259.774719
258.021973
257.588837
256.591248
256.315735
255.177124
255.177124
256.016602
255.741928
255.102554
255.151260
253.255630
253.255630
253.686478
252.687973
251.911331
252.952103
252.828720
252.828720
254.012405
255.337112
253.589706
253.024307
252.105011
252.105011
250.962921
250.585709
251.546844
250.372925
250.413651
250.413651
249.463852
247.897552
248.921158
249.360184
247.564362
247.564362
247.206818
247.797943
247.675201
247.220200
247.828659
247.828659
248.656967
251.520248
252.361420
251.617416
250.741440
250.741440
249.472748
249.462631
251.177612
250.142181
249.267532
249.267532
250.247528
251.699463
252.092987
250.539246
250.871323
250.871323
250.526596
250.291809
252.324829
251.416687
255.375122
255.375122
254.250778
254.327499
255.993469
255.578003
254.232803
254.232803
252.624924
251.782593
252.950409
253.298676
251.235916
251.235916
251.312943
250.732727
250.736557
250.494827
251.445557
251.445557
251.242874
250.733139
251.423752
251.957855
250.868423
250.868423
251.327240
251.613754
252.388504
252.856583
252.300812
252.300812
252.372391
253.431015
253.471817
254.293289
255.289993
255.289993
254.936661
253.589569
252.891327
254.383957
253.098511
253.098511
252.776520
250.782822
250.453018
250.517059
250.033844
250.033844
249.926285
250.265991
250.601151
251.645508
251.225296
251.225296
249.966080
249.458145
250.395401
249.716629
248.874161
248.874161
249.565231
249.552383
248.808105
248.621048
248.303558
248.303558
247.735001
246.636719
247.357651
247.987320
249.588242
249.588242
250.316376
249.966843
248.391068
247.538391
245.900833
245.900833
246.506622
247.201157
247.962204
247.531006
247.648727
247.648727
246.666824
247.010620
250.927902
251.281479
249.772141
249.772141
249.359665
248.888062
248.793121
248.308182
248.764984
248.764984
248.395554
248.019135
247.866669
247.260498
247.411850
247.411850
247.885696
248.583023
249.565414
250.171814
248.261566
248.261566
247.750290
246.775330
246.800125
246.662125
246.414749
246.414749
246.122543
245.927383
244.864166
245.740234
245.519882
245.519882
246.272903
246.641251
246.403473
245.704422
245.627838
245.627838
245.113602
245.569672
245.784485
245.557205
245.538635
245.538635
246.580933
246.857178
248.002274
248.081375
246.996384
246.996384
246.234940
246.496780
246.078323
246.801880
247.469849
247.469849
247.194870
246.420105
245.298950
245.298950
245.615356
245.615356
245.369888
245.482422
245.230545
245.166580
244.878738
244.878738
244.669464
244.600784
244.387344
243.848984
243.620590
243.620590
244.189819
244.070984
246.639725
247.362885
245.243652
245.243652
244.404282
244.926468
244.690140
244.987762
246.239349
246.239349
245.109650
244.031036
244.254669
244.515991
245.817093
245.817093
245.329407
245.482697
247.522125
247.997772
247.126190
247.126190
245.791000
245.278473
245.792801
244.864517
244.633118
244.633118
244.732620
245.242844
245.784225
246.080750
245.735687
245.735687
245.262497
245.387238
245.495926
244.685913
245.167633
245.167633
244.879791
245.999420
248.474075
248.145355
247.371460
247.371460
246.533829
246.321487
246.558502
246.443634
245.764938
245.764938
246.546982
246.238876
246.801407
245.629105
245.902496
245.902496
245.722809
245.004181
244.845535
244.736374
245.324142
245.324142
245.041916
244.298492
244.029633
243.040649
243.819000
243.819000
244.135406
243.971512
243.961182
243.999008
243.918900
243.918900
244.054504
243.621979
242.906830
243.030975
243.239349
243.239349
242.146164
241.880127
242.080292
242.164948
241.514664
241.514664
241.520554
242.121735
242.093811
241.836548
241.458633
241.458633
241.431366
241.776489
243.039139
243.334274
244.540375
244.540375
245.757416
246.855133
245.638458
244.857742
246.163559
246.163559
247.312668
247.735992
247.154953
247.162628
247.946457
247.946457
247.942856
247.000473
247.046799
247.118057
246.835693
246.835693
246.795166
246.468002
245.794830
246.229462
245.709824
245.709824
245.928513
245.935944
246.814056
246.177612
247.926880
247.926880
249.111588
247.199387
248.636581
249.327316
248.885757
248.885757
248.688507
249.531601
252.255142
252.111664
251.332764
251.332764
251.243607
250.259018
250.349808
249.436264
250.016083
250.016083
251.063171
249.974380
250.095108
251.034531
251.952881
251.952881
252.879776
250.792572
250.856003
251.503693
252.250198
252.250198
254.527649
254.198624
253.481979
253.047958
253.504608
253.504608
254.135483
252.969742
250.637909
249.345703
248.853683
248.853683
249.545654
249.593079
249.645401
249.802765
249.690994
249.690994
248.577927
248.342331
247.244446
247.433685
247.596924
247.596924
247.729538
247.281860
246.403305
246.848465
247.767929
247.767929
247.413330
247.345856
246.789825
246.395309
246.445160
246.445160
246.662292
247.193695
247.369095
246.845993
246.593521
246.593521
245.921295
246.348801
246.535095
245.955551
246.063705
246.063705
245.807571
245.726456
245.238983
245.260040
244.775818
244.775818
245.027939
244.597000
244.762039
244.613892
244.581177
244.581177
244.073746
243.789337
243.661972
243.362564
243.426163
243.426163
243.687164
242.816086
242.924667
243.310837
243.672211
243.672211
243.479233
243.498779
243.362793
243.196274
244.620071
244.620071
245.102966
245.234634
245.435989
245.057800
245.482254
245.482254
244.507965
243.721542
243.480225
243.279144
243.448395
243.448395
243.378601
243.664719
243.914551
244.148224
244.309250
244.309250
245.220016
244.916489
244.585556
245.367538
245.596573
245.596573
245.615952
248.064468
248.064468
247.790482
246.930435
246.930435
247.145508
248.561615
248.172821
249.004684
250.542023
250.542023
249.880814
249.129135
250.535568
250.339661
250.102417
250.102417
249.107147
250.484131
252.445847
251.624374
251.462341
251.462341
252.334229
252.915695
253.073578
253.329178
253.736526
253.736526
251.589706
251.682785
250.376434
250.292740
249.898102
249.898102
250.315643
249.508224
247.848618
249.208527
249.292419
249.292419
248.305405
250.435791
250.709274
250.777435
249.973709
249.973709
250.020538
250.799866
251.653534
252.773270
253.435974
253.435974
253.411301
251.582275
250.842346
251.406998
251.030945
251.030945
251.941711
252.886307
251.937424
251.628937
251.594208
251.594208
253.138275
253.248825
255.339508
255.549652
252.259705
252.259705
251.849121
251.933792
252.743439
251.657928
251.485870
251.485870
250.834229
250.680450
250.614426
251.175323
250.870102
250.870102
250.898087
251.558014
252.441101
251.409088
252.398849
252.398849
251.416885
249.966705
250.239136
250.118500
249.372116
249.372116
250.196045
249.505325
250.006012
250.157852
249.615326
249.615326
250.632675
251.422684
251.493240
250.221497
249.735458
249.735458
249.825226
248.353073
250.430588
249.679504
251.498657
251.498657
251.266479
251.209686
250.441071
250.282639
250.206360
250.206360
250.413773
250.954208
250.146927
250.631088
251.057190
251.057190
251.438843
250.615097
251.059738
251.498749
251.318710
251.318710
252.094940
253.500320
252.804642
251.267975
252.038193
252.038193
253.083923
252.977005
253.999969
254.134781
254.139542
254.139542
254.934357
258.399628
257.258514
259.028534
262.999176
262.999176
262.385529
261.253204
259.752136
259.970001
262.074768
262.074768
264.220856
264.845123
264.091064
263.205383
265.359039
265.359039
265.551239
266.088379
264.945312
263.441620
262.384827
262.384827
265.073700
266.650269
267.914948
267.407684
266.002930
266.002930
262.955841
264.836639
265.438904
266.826538
267.161743
267.161743
265.347504
265.683044
265.604797
262.640228
262.038971
262.038971
263.780640
265.250000
263.572113
262.917145
263.702789
263.702789
262.181732
259.846008
259.849609
259.943756
258.707855
258.707855
260.510437
260.369720
261.216583
265.774506
265.968323
265.968323
262.576935
265.758606
264.165009
263.446838
264.398560
264.398560
263.137726
262.326904
260.709167
259.646637
260.720428
260.720428
261.173279
262.588593
261.561920
261.732819
263.465485
263.465485
262.940582
261.620972
263.477448
263.184509
267.994934
267.994934
269.549713
270.187134
272.315887
273.219299
275.829956
275.829956
276.279663
277.034302
277.800140
279.697418
279.842377
279.842377
278.742096
280.038147
284.192780
282.082092
280.226318
280.226318
278.707184
281.663055
280.202362
279.818939
279.026794
279.026794
276.352051
277.324371
281.872528
280.645874
279.677032
279.677032
279.095367
276.171387
274.893250
276.914490
273.335510
273.335510
272.405823
271.484863
270.957916
271.061523
271.766907
271.766907
273.822815
272.059753
271.825531
270.226440
269.404816
269.404816
269.115356
268.816772
269.777924
269.962463
272.920441
272.920441
274.264526
273.107880
274.181976
277.394379
278.211151
278.211151
275.867371
277.271515
278.644165
277.733856
276.406860
276.406860
276.068665
274.834351
276.277679
277.244385
276.218506
276.218506
275.676788
276.250183
274.833832
274.877075
275.286591
275.286591
273.349335
272.756134
272.984039
270.377655
270.544006
270.544006
273.759888
274.668518
276.006165
275.468811
274.196411
274.196411
272.338593
272.518219
272.656830
271.386261
274.563263
274.563263
275.393524
274.446991
274.057983
270.229401
271.412201
271.412201
268.284119
266.359406
264.776794
264.105652
265.419250
265.419250
266.556274
265.225525
262.680725
261.480621
263.470337
263.470337
262.282715
261.493256
259.910889
260.341003
261.671906
261.671906
260.446594
259.144958
259.843842
259.234772
259.105133
259.105133
260.079498
260.954437
260.051056
258.788879
259.622650
259.622650
258.200928
256.819672
256.799988
257.629700
256.796783
256.796783
256.779510
257.950989
258.107971
258.652496
258.300079
258.300079
258.189728
256.952026
256.102081
255.226318
255.424423
255.424423
254.977936
255.500641
256.486908
255.705872
255.068527
255.068527
253.543777
252.332977
252.039261
251.945206
252.906250
252.906250
253.034302
252.202240
251.654587
253.110168
253.891541
253.891541
253.048080
252.579071
251.692795
250.155060
251.080673
251.080673
251.301025
251.975677
253.152161
254.181168
252.885071
252.885071
254.493683
255.434753
253.568726
251.839050
251.811050
251.811050
253.155731
252.717377
251.688156
251.001846
252.175613
252.175613
253.805984
253.555099
256.469971
255.837418
256.743958
256.743958
257.348450
254.717575
254.442734
254.184113
253.258820
253.258820
253.200531
252.894363
253.119812
251.918518
254.682861
254.682861
253.264526
251.734482
252.771515
250.673340
250.979843
250.979843
251.403549
251.402588
251.739075
252.357239
252.097839
252.097839
256.212463
254.603668
254.194641
251.583099
254.004593
254.004593
252.880493
251.960312
250.446823
247.944061
248.513062
248.513062
251.295944
249.824646
249.017075
248.941208
245.556808
245.556808
246.531189
245.337112
245.546417
245.156586
247.213623
247.213623
247.988556
249.204407
247.656372
247.515228
247.239090
247.239090
245.126419
245.158630
245.604385
244.304153
245.105377
245.105377
244.785034
245.117935
245.375946
244.324554
245.051758
245.051758
245.219238
246.113205
245.728760
243.963089
245.204834
245.204834
245.353516
245.052429
245.525833
245.149033
246.870255
246.870255
247.905441
246.827179
245.784058
244.832809
245.358978
245.358978
245.998657
246.909058
249.113464
246.433838
247.159363
247.159363
247.814438
249.232498
249.746918
250.070938
248.623108
248.623108
247.800598
248.623917
251.275864
248.839935
249.630081
249.630081
250.524399
250.238403
249.905807
248.192078
250.087708
250.087708
251.798172
252.695206
254.233200
252.398148
252.641159
252.641159
253.200089
252.891632
251.338242
249.130371
249.711578
249.711578
248.909271
248.804382
248.258789
245.642166
246.666656
246.666656
247.501846
246.844833
245.004456
246.585541
245.797028
245.797028
245.831360
245.438965
247.011612
244.657074
245.313324
245.313324
246.209091
246.238281
245.232819
243.979446
245.119507
245.119507
245.159683
245.516190
245.205170
245.621567
245.437469
245.437469
246.526489
247.000839
251.350937
250.521591
251.792831
251.792831
252.344788
251.165970
250.894363
250.193039
251.007187
251.007187
250.346954
248.454071
250.085464
251.741913
252.671555
252.671555
257.907776
257.966187
258.336884
257.708466
258.812592
258.812592
261.120544
258.546631
258.164642
256.597748
255.806335
255.806335
258.013184
255.855911
254.737183
253.372971
254.417740
254.417740
254.818100
255.615204
253.841751
255.981812
255.869019
255.869019
253.453079
253.640427
253.792603
253.219742
255.088455
255.088455
252.170395
251.246719
250.985535
249.288330
249.053543
249.053543
250.265350
250.537064
249.996445
250.306717
250.398590
250.398590
251.383362
251.713150
252.282822
248.826965
249.989456
249.989456
249.044250
249.321213
248.959717
249.432388
250.031982
250.031982
251.102249
250.902771
250.089340
250.325241
251.524368
251.524368
251.454330
251.344299
250.848816
249.676163
250.684875
250.684875
250.765305
250.408844
251.507645
250.684540
252.526413
252.526413
252.104538
253.549988
252.925201
252.557129
254.342651
254.342651
253.307999
253.592941
253.834335
252.539017
255.108490
255.108490
254.891174
256.314636
256.220947
256.560547
255.782928
255.782928
256.918152
253.795578
253.929810
251.741470
252.647964
252.647964
252.824020
251.744598
251.755432
251.088242
251.640060
251.640060
252.559021
252.365601
252.015274
253.154510
254.705826
254.705826
253.919632
253.919632
254.339310
252.812881
253.718033
253.718033
253.598999
253.480728
253.258911
252.560928
250.554825
250.554825
252.518311
253.395935
253.022705
252.456711
254.793976
254.793976
269.128937
254.157257
252.801102
251.963379
252.564911
252.564911
253.663483
254.890457
255.672989
256.822937
259.387451
259.387451
256.778320
257.831818
256.833038
256.490021
258.170410
258.170410
257.415497
257.704742
257.804138
257.089172
256.657776
256.657776
258.932892
263.707184
263.240967
283.859131
263.878418
263.878418
262.839386
261.688507
262.641510
262.041748
262.749237
262.749237
264.726257
264.675140
264.344635
263.784485
260.741180
260.741180
257.108154
257.853851
259.713989
261.910522
262.384277
262.384277
264.076904
261.633423
264.885071
264.116821
264.539398
264.539398
260.582092
258.834503
258.201569
257.258423
259.275604
259.275604
256.494171
255.461914
257.481689
261.466766
256.420959
256.420959
255.928665
256.349396
255.016968
256.178284
260.258453
260.258453
257.164825
257.164825
257.050232
254.701416
252.866135
252.866135
251.351410
253.643478
251.070450
251.095673
251.111694
251.111694
251.740402
252.920349
253.240036
250.845688
252.044678
252.044678
251.139160
250.714340
251.729172
251.223587
251.980087
251.980087
253.043365
251.921494
250.540192
250.540192
251.689285
251.689285
251.339966
251.915436
253.162415
251.525757
249.013229
249.013229
248.777328
249.052536
249.254517
246.728729
245.822968
245.822968
244.470200
244.430771
244.678680
242.932220
243.964401
243.964401
244.041351
242.778671
240.328339
239.735168
240.637390
240.637390
241.548721
241.951920
243.234390
247.730911
246.339401
246.339401
248.182983
247.277390
246.432373
245.904175
246.839478
246.839478
245.122253
243.217621
240.279175
237.560150
239.130127
239.130127
238.174576
234.717850
237.602386
235.680511
234.990234
234.990234
236.170212
236.170212
234.747391
232.596878
231.635071
231.635071
225.837631
231.789658
230.904007
231.259979
230.195938
230.195938
231.537277
230.527023
229.292191
227.915527
228.253586
228.253586
229.505890
233.723022
232.161896
230.596817
230.280045
230.280045
229.685089
230.209778
233.646774
231.188000
232.466000
234.005000
235.185000
235.290000
235.649000
236.550000
237.123000
236.985000
237.473000
238.677000
238.285000
236.625000
235.230000
234.193000
233.855000
235.289795
235.289795
236.216660
238.412628
235.468430
238.037628
238.037628
237.436523
239.222397
241.719193
241.160263
256.618256
256.618256
239.844955
239.435059
238.911682
237.180496
241.959412
241.959412
241.186798
244.028275
241.381287
238.544937
240.360428
240.360428
240.714066
240.876236
238.941696
238.722321
243.303543
243.303543
241.570328
241.653351
245.160339
245.757675
247.856094
247.856094
250.264969
275.434479
263.937988
259.398712
251.842377
251.842377
252.764465
271.701874
264.579315
265.453217
269.966583
269.966583
279.168793
279.315063
279.430420
274.498901
269.971466
269.971466
259.907776
255.297073
258.969025
254.331345
260.712646
260.712646
257.472290
259.911377
263.053680
267.326080
267.464691
267.464691
268.442261
270.585449
268.677917
265.368347
267.584625
267.584625
270.215973
270.990173
268.447113
266.538239
259.620483
259.620483
260.081848
260.732178
260.170990
261.082123
261.581696
261.581696
262.033112
260.055145
260.461914
266.904053
305.207886
305.207886
262.735382
263.508575
262.213562
266.198395
267.058380
267.058380
266.487610
265.676331
264.850494
264.984406
263.770630
263.770630
263.021484
263.718262
264.197235
263.553589
265.197235
265.197235
264.984924
262.641388
263.781952
265.621521
266.450165
266.450165
264.823883
268.082214
273.075958
275.396240
282.818970
282.818970
276.450226
277.623596
278.345764
280.634827
285.042755
285.042755
285.375610
282.457428
283.989960
287.225616
286.739502
286.739502
284.936432
284.859344
290.508698
297.573822
295.422516
295.422516
300.675385
296.630554
290.282562
290.678284
286.447388
286.447388
292.774597
295.565704
298.398926
297.810211
303.823059
303.823059
308.081360
302.434601
303.221710
302.889221
298.531860
298.531860
299.500488
301.743225
301.107971
299.222778
306.852448
306.852448
307.329865
307.496918
314.107544
311.705383
309.585724
309.585724
303.661133
301.252502
294.959106
295.875366
294.932831
294.932831
296.101776
296.877106
301.314301
299.564026
300.467194
300.467194
299.985168
301.436432
301.369293
303.550293
309.492737
309.492737
307.342773
302.225800
293.686707
299.498199
294.590790
294.590790
296.138916
289.502289
287.729645
290.120697
287.967072
287.967072
289.294464
289.899353
291.485443
294.868103
299.433746
299.433746
297.218964
297.077606
298.325836
294.010010
294.541168
294.541168
292.833130
288.056671
287.680664
285.382568
284.999268
284.999268
282.790466
283.112549
279.010590
275.999390
280.577301
280.577301
278.958099
286.162689
288.538910
285.527191
280.895355
280.895355
276.572845
275.362915
277.634827
279.514954
279.621246
279.621246
280.734406
282.364502
284.960022
283.127594
278.589844
278.589844
280.148224
287.096893
286.309753
288.325043
286.026123
286.026123
281.055328
279.914978
275.967651
277.291626
280.936829
280.936829
280.858002
282.050598
280.929535
278.856354
280.479187
280.479187
281.158966
277.634460
275.027252
276.184326
274.904236
274.904236
272.184875
268.662415
270.580353
272.304657
272.859436
272.859436
275.841919
278.372253
274.920746
276.171478
276.304932
276.304932
274.443207
272.337555
274.195343
274.905823
272.355194
272.355194
272.043182
271.404816
268.238800
265.110931
266.761658
266.761658
268.407562
269.305145
268.190643
265.664673
264.516388
264.516388
265.075714
267.784027
268.932800
268.011993
269.479675
269.479675
271.936157
269.086426
268.687195
271.679810
273.303040
273.303040
271.176849
271.480713
269.971222
267.858185
267.408966
267.408966
266.383850
268.439545
269.320892
270.355255
272.310028
272.310028
276.309998
275.275848
273.679871
272.516724
271.261505
271.261505
268.877106
270.869110
271.255859
272.806824
272.861725
272.861725
270.238525
269.581604
270.556183
270.922546
270.877075
270.877075
270.807098
270.811554
270.778717
268.851776
269.285858
269.285858
269.786346
268.831726
270.518219
267.508026
266.430176
266.430176
266.374176
269.102875
269.862396
270.531921
267.426025
267.426025
268.936127
266.865753
266.769348
266.808777
264.549622
264.549622
264.400574
264.166504
264.361267
266.308411
268.239044
268.239044
269.491791
274.593781
271.336334
274.401489
278.092957
278.092957
276.663147
275.671326
275.750244
274.675171
271.885468
271.885468
271.210571
269.336823
270.528473
268.494476
264.582916
264.582916
264.735626
266.374573
267.865936
268.531586
267.804779
267.804779
267.305267
266.992432
271.999054
272.355225
274.310455
274.310455
271.197693
270.201019
269.385468
269.031891
269.174835
269.174835
273.996552
275.128204
272.613434
273.127319
274.070404
274.070404
278.218903
276.996613
277.858276
276.204956
274.748199
274.748199
273.469818
273.461029
272.810974
271.998138
272.579590
272.579590
272.174408
272.083191
267.428864
268.573792
268.286011
268.286011
269.261169
268.289520
269.150360
267.527496
266.731476
266.731476
267.440704
266.586304
266.348633
268.377289
266.913513
266.913513
266.955139
270.735138
271.635376
271.508575
272.162567
272.162567
271.084747
272.410919
271.873962
270.876648
269.278473
269.278473
269.909149
271.209534
273.826874
273.875153
273.626007
273.626007
270.459503
271.104370
269.605957
271.062592
272.155945
272.155945
270.592133
269.934143
271.410492
270.313690
268.520660
268.520660
269.282806
269.441193
270.422455
269.580994
267.118744
267.118744
265.248322
265.770599
266.423065
266.078796
264.985443
264.985443
266.518799
266.058167
265.194122
265.442993
264.795593
264.795593
263.452118
261.110870
261.442535
263.279724
262.725891
262.725891
264.080811
263.687622
262.415497
264.942139
264.768524
264.768524
266.293457
265.297852
263.556854
265.128906
264.305206
264.305206
264.380310
265.861328
267.422882
266.818787
263.871338
263.871338
263.162903
262.044556
262.929260
263.436493
264.566254
264.566254
264.160583
263.701233
264.656708
263.303711
262.677551
262.677551
269.459747
268.511169
264.688751
268.806763
269.384094
269.384094
274.991241
277.263763
281.500275
278.567230
272.951477
272.951477
274.928314
271.625397
272.630371
276.592590
276.573608
276.573608
278.069427
279.496338
279.927643
278.398438
277.626862
277.626862
278.476013
277.069702
274.902771
274.434479
274.474396
274.474396
275.903412
275.218445
280.809998
288.382111
284.850739
284.850739
283.581543
281.679840
278.180725
280.500092
278.926270
278.926270
278.805084
278.409790
279.475494
278.940643
279.438385
279.438385
279.257599
279.975372
281.824432
284.146423
285.612549
285.612549
287.061737
283.650909
285.846497
285.852570
285.203857
285.203857
283.422119
282.944031
280.526062
279.179169
277.005585
277.005585
277.658356
277.908020
279.050507
281.786652
289.429749
289.429749
286.007141
284.981049
283.131805
286.928101
286.198975
286.198975
281.694519
282.776184
284.329895
283.115814
280.620850
280.620850
281.283875
281.283875
280.635284
279.549194
277.378479
277.378479
278.080627
278.545410
281.580322
280.166290
279.516754
279.516754
279.441895
278.039673
276.516418
278.305756
278.642059
278.642059
282.393066
281.917175
284.028168
282.769989
282.117645
282.117645
285.211243
286.707520
283.956604
284.004761
283.759918
283.759918
284.622314
286.534729
286.649170
284.249146
283.779480
283.779480
282.746368
280.933319
281.659180
282.650757
281.931549
281.931549
280.194397
279.708893
278.867645
278.755981
277.076111
277.076111
276.857971
276.534546
277.003998
275.752625
272.012115
272.012115
273.263031
269.485107
270.549438
273.976990
273.863251
273.863251
273.204254
273.773560
271.830811
274.137024
273.938354
273.938354
275.136902
277.392303
275.995911
274.705994
274.698486
274.698486
272.980896
274.231079
274.735107
274.735107
271.018494
271.018494
270.205627
270.615479
271.780762
272.394867
274.069611
274.069611
274.521484
273.099121
274.245087
276.874268
275.890381
275.890381
276.898438
275.854614
276.094818
273.582733
273.746857
273.746857
274.459686
275.464172
275.480225
277.146362
278.792694
278.792694
283.883484
280.394958
279.193085
277.165436
277.026489
277.026489
277.377686
278.429718
275.842407
276.494049
276.955139
276.955139
276.697235
273.872681
275.178528
273.351990
272.278473
272.278473
276.619720
276.108063
275.765289
277.455414
277.212433
277.212433
277.826874
278.920654
277.146698
279.006653
276.669067
276.669067
277.074310
274.454163
275.570343
276.070190
276.315613
276.315613
279.394806
277.779205
274.553314
274.302948
275.740265
275.740265
274.166779
272.685944
272.404419
275.097626
273.875031
273.875031
274.532013
275.199493
273.337982
271.565826
272.364532
272.364532
272.288452
270.527039
268.647247
267.790253
267.956268
267.956268
267.149658
268.886963
271.483643
272.528198
270.376526
270.376526
270.457550
271.078003
270.067719
269.318268
268.921173
268.921173
269.459686
271.054108
273.877197
272.087799
272.229095
272.229095
270.790985
271.539124
271.312897
271.709534
271.265869
271.265869
271.040161
272.316681
271.982880
273.375946
272.434631
272.434631
271.432343
273.724121
272.517731
273.698090
271.946594
271.946594
271.474884
269.916840
268.704498
266.319000
266.045776
266.045776
267.360321
267.420197
265.734650
265.390503
265.080292
265.080292
264.607605
263.493927
263.711700
263.944519
263.283478
263.283478
263.939850
266.307678
266.283478
267.016000
266.625366
266.625366
267.694580
265.295013
264.024170
263.998260
264.225922
264.225922
265.001770
264.530060
264.148163
263.704773
263.673340
263.673340
263.775055
265.426605
265.437775
265.900665
264.037201
264.037201
264.404846
263.449158
265.276825
266.149323
268.283752
268.283752
267.687012
267.472382
268.453339
267.111420
268.305756
268.305756
270.626892
269.347351
269.852661
269.202484
267.546448
267.546448
267.999603
266.382935
266.270752
265.210327
263.761078
263.761078
265.731415
264.847565
265.142212
264.141907
265.439789
265.439789
264.665619
264.739044
266.054016
268.746368
267.845673
267.845673
267.756378
267.196838
266.690521
268.904205
268.277466
268.277466
268.039185
268.119720
265.065308
265.482727
264.496338
264.496338
263.236023
264.222534
264.159607
262.224213
263.530884
263.530884
267.178650
268.791809
267.134491
268.931824
269.496948
269.496948
272.529694
271.340912
268.618805
267.304016
267.093536
267.093536
268.934509
267.543915
268.458496
268.395111
269.390991
269.390991
267.913177
270.639923
271.787811
272.563599
273.431549
273.431549
273.877686
272.372925
276.264862
273.487732
272.535217
272.535217
268.827606
269.487701
269.219666
272.736389
271.823303
271.823303
272.097992
271.200897
272.407593
271.922394
271.144653
271.144653
271.430664
272.006927
271.119934
272.833588
274.276886
274.276886
277.788696
276.732208
275.586639
276.761993
280.122437
280.122437
281.702087
283.808014
287.141907
284.676086
286.428741
286.428741
290.820282
287.285156
293.838745
291.470642
289.188110
289.188110
289.543762
286.465210
291.195099
292.938049
293.018921
293.018921
296.571930
297.195312
296.626343
295.879974
296.044464
296.044464
291.976868
294.365692
288.969177
291.398834
292.154175
292.154175
296.183289
296.070343
296.043945
299.845673
297.476929
297.476929
294.722046
297.237183
301.434875
297.454376
302.611664
302.611664
302.162140
307.027344
304.958496
303.068848
305.419189
305.419189
306.216797
306.249573
310.234283
312.555298
310.132111
310.132111
315.549255
315.053680
312.668182
306.973969
303.478577
303.478577
305.393738
304.648865
309.927216
313.865601
312.906067
312.906067
308.341766
308.576721
303.469849
304.291901
303.270233
303.270233
298.752350
298.794281
300.552216
303.890228
301.691528
301.691528
305.977051
304.556671
304.218475
301.349854
303.780701
303.780701
302.704315
300.225098
307.027252
306.568481
306.947754
306.947754
306.910278
305.638000
309.659241
308.573029
314.618958
314.618958
313.844238
315.577148
319.975189
318.473694
314.929871
314.929871
315.515137
310.150452
309.381378
307.589752
310.509674
310.509674
312.470703
308.746307
304.629211
303.626312
303.036957
303.036957
298.792419
298.626801
295.938019
295.105000
293.388092
293.388092
294.350708
294.350708
289.809021
290.830292
289.965607
289.965607
292.022064
289.679352
291.216217
291.375671
293.830322
293.830322
290.921082
291.528748
290.709198
290.224487
289.264832
289.264832
287.250763
285.909149
288.511230
289.137939
290.391235
290.391235
290.642181
289.480438
288.570679
286.837219
288.948669
288.948669
292.276154
294.356964
295.227570
292.804993
291.350555
291.350555
293.718719
291.079132
292.798553
290.387146
289.620361
289.620361
288.543457
289.838745
291.315277
293.344757
292.784668
292.784668
291.075500
290.965820
292.510651
295.446686
293.948700
293.948700
293.813324
293.997070
295.767609
294.930756
296.293396
296.293396
294.834137
298.588043
297.979523
295.713562
297.284241
297.284241
297.702820
295.717834
296.798737
296.660980
297.081726
297.081726
298.366516
293.440643
287.455322
288.128204
286.202332
286.202332
286.071777
284.112274
282.724152
284.041565
287.072479
287.072479
286.671875
287.524353
290.051758
289.419220
289.344666
289.344666
292.814087
293.785004
296.346283
297.904755
298.326721
298.326721
295.759644
301.697083
300.715973
300.488922
299.899475
299.899475
299.148315
297.192413
301.175629
300.630493
304.667023
304.667023
301.538666
301.370911
297.800842
295.223145
293.942841
293.942841
297.504364
296.711273
296.076965
295.052399
290.298553
290.298553
290.816345
287.623627
286.406281
287.989197
287.061218
287.061218
287.611603
285.564423
286.428833
290.043549
285.969208
285.969208
285.371155
284.306061
285.686401
286.047089
289.397461
289.397461
288.056183
288.319641
288.238983
289.370361
287.591858
287.591858
287.756104
285.872375
284.076141
283.951660
286.381256
286.381256
287.463623
289.496521
287.871796
283.200287
280.653381
280.653381
278.454071
281.411377
280.523926
280.725952
277.740479
277.740479
275.343811
276.650574
276.865570
276.444550
277.025757
277.025757
279.117340
278.700867
278.259796
277.372711
277.483185
277.483185
276.565796
275.811615
276.771118
277.163666
277.547150
277.547150
278.048492
280.990692
283.047607
284.198669
283.800781
283.800781
284.254242
283.893219
284.070587
286.243042
284.145874
284.145874
284.683533
282.450836
282.681305
280.943359
281.711700
281.711700
282.824432
282.804962
282.828430
282.498688
281.351318
281.351318
282.140533
284.425751
285.083069
283.582123
284.872528
284.872528
285.964691
285.843445
285.719818
284.639435
282.495117
282.495117
283.162476
282.911163
282.743988
281.316620
280.196716
280.196716
278.637024
277.231628
278.056152
277.680481
278.643066
278.643066
279.336029
281.188385
280.357819
279.547150
282.352173
282.352173
284.907715
283.389740
283.054596
281.095428
281.482880
281.482880
282.716705
281.520599
282.863342
284.609985
283.209473
283.209473
283.900604
284.850006
285.090424
284.390198
284.423218
284.423218
281.236603
280.533600
280.503021
279.300629
281.794495
281.794495
280.875336
280.337708
280.893768
279.488831
280.925873
280.925873
283.107117
283.107117
282.655853
282.942719
283.223419
283.223419
283.083191
281.648773
281.906433
283.471130
283.474213
283.474213
287.941040
287.232056
286.377686
284.623108
289.621826
289.621826
291.643585
291.709503
292.581665
291.281311
290.599060
290.599060
289.412537
290.576721
290.511475
288.726685
290.066132
290.066132
291.329559
291.530518
289.676270
293.299713
295.794952
295.794952
294.201996
293.984558
294.298248
291.787903
292.741913
292.741913
292.679993
293.866241
293.931335
295.219116
297.398376
297.398376
297.527222
295.507294
293.849487
291.987213
291.986816
291.986816
292.960419
293.863892
294.172546
292.303772
290.543274
290.543274
290.440552
290.042786
289.643738
291.360657
292.911652
292.911652
291.156128
291.093079
291.014069
293.376465
293.437653
293.437653
294.290588
294.649506
294.805359
294.919708
294.444366
294.444366
297.484039
297.818268
299.766388
298.334869
299.386963
299.386963
301.758118
306.566772
304.440826
303.214081
305.185486
305.185486
306.187714
305.145538
304.658997
306.465332
307.032990
307.032990
306.159180
304.076630
303.220032
304.147247
303.639374
303.639374
303.353912
302.258972
302.713959
301.163544
298.479950
298.479950
296.442993
297.029480
296.591248
296.128540
295.133606
295.133606
295.019653
293.489685
294.680450
298.051178
298.035126
298.035126
298.629822
299.430847
300.222595
300.728394
301.919891
301.919891
299.292816
299.327087
298.457703
295.779968
295.851715
295.851715
296.595215
295.959229
292.736237
292.994019
292.338806
292.338806
294.178772
294.537933
291.484711
291.245819
290.560669
290.560669
290.317474
289.270721
289.434845
290.529816
289.374207
289.374207
289.096710
287.351471
290.070312
293.801514
296.533844
296.533844
292.255585
293.420135
297.774139
297.349548
295.268433
295.268433
297.943634
294.588745
296.364960
292.091553
290.235474
290.235474
291.756317
293.199280
297.486511
299.679688
298.277954
298.277954
298.065613
296.273560
295.769348
295.666870
294.429993
294.429993
293.777191
293.727295
293.940857
293.144684
295.403351
295.403351
294.371521
292.256744
292.796875
291.807373
291.923737
291.923737
291.301575
292.488068
292.272797
294.791138
295.204498
295.204498
293.815033
295.469696
296.115295
296.682770
296.941254
296.941254
298.149719
298.871155
299.164673
300.449188
297.927155
297.927155
298.642426
298.800903
299.474365
297.685211
296.116913
296.116913
297.082214
297.755463
298.908356
298.360138
299.592133
299.592133
300.609344
298.886047
300.416290
299.107880
297.925079
297.925079
298.390472
301.616425
300.676056
299.735260
300.577209
300.577209
299.742798
302.132874
301.149780
301.460083
299.797089
299.797089
299.830292
299.107178
299.414124
300.525299
299.740845
299.740845
298.855591
296.997162
295.734833
296.362030
298.228302
298.228302
298.434113
299.163391
299.184906
299.379639
298.537109
298.537109
297.235474
295.807770
296.350800
296.298309
296.261475
296.261475
295.159088
295.159088
295.872253
294.307983
294.699310
294.699310
295.685669
295.893463
294.477417
294.048004
293.555817
293.555817
293.546295
292.132507
292.212402
291.685852
292.008118
292.008118
292.444824
293.884338
293.703430
295.061035
296.996246
296.996246
295.889496
296.920044
296.656982
296.580658
296.314636
296.314636
298.402954
298.622406
298.396088
297.853546
297.749542
297.749542
296.772461
296.665131
297.311859
297.413391
298.051147
298.051147
298.012817
298.427521
299.135345
299.511597
301.086823
301.086823
303.622528
302.266907
301.523041
301.554260
300.350891
300.350891
301.867310
301.702667
302.551819
302.996307
301.137604
301.137604
299.216919
298.611877
298.278442
298.945740
298.504974
298.504974
297.179169
296.483765
296.566467
296.514313
296.129333
296.129333
296.156677
296.588501
296.865326
297.623383
298.655365
298.655365
299.306122
299.660980
299.653870
299.330536
298.225403
298.225403
298.425232
298.746582
299.933380
300.345917
300.600616
300.600616
301.886047
302.082672
302.276459
304.992401
304.018768
304.018768
306.007263
302.423767
308.902679
309.065399
311.846680
311.846680
313.577789
308.702881
308.708496
306.782471
307.358521
307.358521
310.997375
309.511871
308.658234
310.425934
308.204895
308.204895
308.165100
310.287079
312.916199
311.662994
309.884460
309.884460
309.579559
308.572052
310.078125
309.746002
310.766693
310.766693
313.048767
310.090149
309.499939
308.503632
311.723328
311.723328
312.316101
313.497772
313.454010
313.635223
312.340851
312.340851
311.468567
310.565186
311.775360
311.488739
313.049225
313.049225
312.985046
311.273529
311.957336
310.601471
308.333801
308.333801
307.169922
306.793945
306.820770
306.301971
305.511780
305.511780
306.236603
305.162842
305.295410
305.693420
305.987091
305.987091
306.728943
308.542725
308.003082
306.168518
306.269348
306.269348
307.242371
306.707520
307.103058
309.007416
309.979095
309.979095
309.482330
308.100342
306.780670
306.207275
307.349792
307.349792
308.167419
306.583649
304.444794
302.984833
303.625916
303.625916
303.611115
303.582306
303.427277
306.053101
305.089447
305.089447
304.697021
304.652527
303.456024
303.043579
301.903931
301.903931
302.677032
303.409271
303.716461
302.505951
302.432617
302.432617
304.180298
305.086090
305.106995
303.280243
302.613983
302.613983
302.899323
304.534882
305.490662
306.904663
306.453583
306.453583
307.459320
307.739929
306.195953
306.159149
305.671051
305.671051
304.981018
305.798798
306.721802
308.470032
309.084442
309.084442
309.515656
311.671112
311.853546
309.683563
309.699432
309.699432
310.079468
309.052673
309.510498
309.854156
309.898102
309.898102
308.931793
309.402679
309.439880
310.909698
309.492798
309.492798
309.322845
307.563629
307.244385
307.666809
308.025116
308.025116
308.688354
310.781189
311.161591
313.790283
313.572632
313.572632
313.324097
315.106781
315.573730
315.038757
312.779144
312.779144
313.419708
313.535858
313.246246
312.167908
313.627472
313.627472
313.439941
313.086182
314.203308
313.325806
312.971680
312.971680
313.028076
313.010834
312.486481
314.912170
314.841003
314.841003
314.233734
315.311890
313.851929
313.089233
313.420990
313.420990
314.903351
316.551514
314.821045
313.662781
314.707092
314.707092
314.174255
313.658875
313.316467
311.451050
311.125824
311.125824
312.089417
310.706055
309.727966
311.404816
311.786011
311.786011
311.153961
310.542145
309.527496
309.808289
309.535339
309.535339
307.447296
307.830078
306.772949
305.706299
305.366882
305.366882
305.794495
306.052826
307.082703
306.781219
305.519257
305.519257
306.804535
306.031860
306.496399
307.506378
308.111816
308.111816
309.202209
308.361450
309.136047
307.980469
307.819458
307.819458
308.469727
309.094330
310.313477
309.653992
308.484924
308.484924
307.066406
307.398163
306.159027
305.610443
306.045166
306.045166
306.268036
305.701447
305.042633
304.329285
304.034271
304.034271
305.439514
305.850922
306.769470
306.958771
305.996490
305.996490
306.064178
306.968536
306.785248
306.687561
305.604889
305.604889
305.866943
305.878906
306.809540
307.848480
307.812164
307.812164
308.759003
311.902710
313.743164
314.519928
315.322815
315.322815
313.516998
315.913849
316.490021
316.702087
316.126953
316.126953
314.352051
314.457031
316.173431
315.357178
317.775116
317.775116
318.076874
319.618103
317.806061
315.721802
316.938293
316.938293
317.191193
318.122101
319.416138
321.206787
318.922028
318.922028
319.704956
315.658813
315.077881
312.181885
309.643555
309.643555
310.630219
310.976349
311.954956
310.752930
310.504944
310.504944
310.440063
308.582733
308.412079
306.640015
305.941193
305.941193
307.555084
308.613708
308.956818
305.617615
305.926880
305.926880
306.408234
307.756378
305.720520
305.406006
305.218384
305.218384
305.378601
305.121826
304.423889
302.652313
302.623047
302.623047
304.710846
306.333557
306.194885
304.891602
304.940338
304.940338
305.175110
307.029175
303.146698
303.891388
305.586731
305.586731
303.109497
303.631927
302.917572
303.350006
303.131042
303.131042
303.110565
298.729919
298.859039
299.810577
300.027222
300.027222
299.128143
300.224426
298.970367
299.592346
298.792053
298.792053
298.868225
298.302765
296.389069
298.221466
296.389465
296.389465
296.666321
296.474731
299.745911
301.688599
300.870239
300.870239
297.963318
298.619690
300.403320
300.008636
302.877014
302.877014
300.112061
300.817200
301.983917
303.390167
303.284180
303.284180
303.467377
303.454346
305.289673
303.258209
302.373138
302.373138
304.749725
306.623993
307.722870
306.235107
306.390900
306.390900
308.900085
305.573334
306.924652
307.539368
307.425781
307.425781
307.905792
308.895081
309.080811
309.008331
308.866058
308.866058
308.306946
311.955048
312.204620
310.833527
311.712433
311.712433
313.846252
312.920502
312.290466
310.752747
312.653870
312.653870
312.311127
311.325226
311.211914
312.469147
313.089142
313.089142
310.912140
309.507538
311.064636
312.158600
314.026062
314.026062
315.856903
314.454346
313.489716
314.774506
316.036285
316.036285
316.026581
317.065399
317.837616
315.052368
312.292023
312.292023
310.078278
310.606201
309.517609
309.347839
308.834229
308.834229
309.778931
308.126221
307.868561
310.163727
311.301544
311.301544
310.125214
309.056396
309.195862
308.620117
307.105743
307.105743
307.360260
309.903534
309.217499
311.015564
310.462860
310.462860
311.287994
311.427399
311.070587
309.679932
310.072418
310.072418
309.112762
309.161102
309.819458
311.916779
313.528351
313.528351
313.051788
313.816101
316.021240
314.524475
313.655334
313.655334
313.473267
314.198151
313.372894
312.507751
313.606537
313.606537
314.075531
313.313232
314.853973
315.308197
312.826721
312.826721
313.131531
311.963898
311.671448
309.775177
310.845978
310.845978
311.054016
311.054016
311.868042
314.028442
314.126495
314.126495
314.435242
313.542023
313.551727
312.580322
312.098236
312.098236
311.999023
311.076447
312.285339
311.487823
311.095947
311.095947
309.703278
311.211914
309.531555
309.327576
309.231995
309.231995
309.783722
310.294617
311.548889
310.063690
311.314606
311.314606
311.382446
311.476288
311.103821
309.976898
310.050171
310.050171
312.563751
312.803711
314.107758
313.413452
314.081177
314.081177
313.290161
312.427673
311.535767
312.524872
311.370880
311.370880
311.557953
310.954620
310.184479
310.083679
310.496277
310.496277
311.728577
311.645447
312.043396
311.738068
311.362976
311.362976
310.724121
312.339813
310.011261
312.609009
312.204193
312.204193
312.902191
313.621796
315.755676
317.393280
316.601105
316.601105
317.032532
315.554626
315.629974
316.742218
313.841766
313.841766
313.268005
313.828796
314.454620
316.374847
315.583771
315.583771
313.631256
312.893951
313.157959
315.885712
314.992615
314.992615
314.198151
313.375488
314.605530
314.282440
316.216797
316.216797
317.517242
316.313721
315.475586
314.638947
315.129669
315.129669
315.366364
315.101379
314.573029
314.142334
311.386475
311.386475
311.960052
311.867798
313.913116
313.093750
310.836731
310.836731
310.275024
311.945435
311.072144
310.441742
309.193542
309.193542
310.753418
311.611755
311.314789
310.792847
309.688019
309.688019
309.345947
310.917419
309.851624
310.082092
308.444183
308.444183
307.071198
307.602051
309.642700
311.342529
311.152252
311.152252
309.885010
309.590424
310.305969
309.654755
307.957428
307.957428
309.879181
309.920135
308.996704
311.027527
309.920471
309.920471
309.774170
310.571320
311.383881
310.245056
309.794708
309.794708
310.614624
311.430573
313.088531
313.553406
313.764404
313.427673
313.427673
313.266266
313.123596
313.669281
313.669281
313.382141
312.317200
312.999390
312.010590
312.010590
312.020020
312.243439
312.243439
311.609222
311.020264
311.291351
311.197052
310.852478
310.965210
310.026764
309.363983
309.821747
310.425110
311.679016
311.601349
311.627594
311.621338
311.799103
311.148438
312.439819
313.144836
312.698792
314.416382
315.696106
314.759125
315.822174
315.688293
315.476196
315.428223
315.141022
316.573181
316.504211
314.976257
317.413055
315.449280
314.214325
313.977661
313.968384
314.025787
313.822205
313.907104
312.640594
312.422913
310.999725
310.549133
310.592010
311.080048
312.430878
312.963928
314.191071
314.415192
314.265533
314.047882
313.226868
315.046417
314.669525
311.401550
317.980286
317.874298
316.769470
316.733643
316.364044
316.364044
316.557068
316.565216
316.337372
314.800873
314.009277
313.498566
313.711853
313.965393
314.309540
315.430450
314.622803
314.934418
314.240082
313.611298
312.287231
312.163208
312.971313
313.073761
311.590027
313.268494
310.757355
310.952759
310.428284
310.952789
310.864746
311.010101
310.508179
310.248352
309.728119
308.976227
309.354370
309.441650
310.563782
310.146393
310.141663
310.327240
309.803253
309.409546
309.278687
306.115601
308.527344
309.579559
309.633850
309.496094
308.859619
309.668762
309.503998
308.298676
308.574646
306.435303
309.274872
309.950653
310.122589
309.518463
307.198639
308.498291
308.813049
308.181305
306.111237
305.234192
307.034302
307.394531
308.011658
308.295929
310.165283
307.436890
307.330200
304.999451
303.824280
304.627960
304.100739
304.857269
305.287506
305.296326
304.476624
306.890472
306.391388
306.731812
306.996063
308.471100
308.855255
308.805237
309.285095
310.920654
310.920654
308.548218
307.950928
308.123413
306.761414
307.726593
305.482483
305.157593
305.581055
307.569977
307.980469
310.577240
309.524841
309.801849
309.646240
308.164764
308.874207
308.603638
310.176117
310.593597
308.486969
311.079254
311.565491
312.617859
314.142517
313.280029
313.758606
312.715790
313.065002
314.234131
313.374207
314.398224
313.924316
313.932709
312.556000
312.533966
311.322693
310.902100
310.221130
310.285065
310.151611
309.086151
308.633301
309.106049
310.535187
308.785797
309.216431
309.316406
307.854675
308.083160
306.878021
307.974152
308.961365
307.587952
307.315796
307.324615
307.795929
307.009094
307.546753
308.647003
309.411133
310.396057
310.463623
309.754822
310.963867
311.043365
310.347015
309.920013
309.273041
309.171143
309.427246
309.725983
308.908356
308.854675
308.017090
307.982147
308.131042
307.871338
308.039886
307.192413
306.838715
307.660461
307.686615
307.777557
308.680908
307.981415
307.484650
308.120117
307.471039
309.309662
309.019470
309.822174
310.012665
310.907166
311.744781
312.608093
312.039215
311.081635
309.923737
309.427856
308.404083
308.334198
308.403625
308.375580
308.855560
308.628571
309.638702
309.400238
308.699402
308.631165
308.344910
309.773560
310.386414
310.656860
309.930084
309.541779
309.541779
311.121124
312.030029
312.446228
312.599548
312.713531
313.708038
313.390503
313.253418
313.217896
311.762329
311.201630
311.708527
312.208191
311.280365
312.849030
311.879852
311.969086
311.784027
312.332245
311.424591
311.082947
311.643463
310.648987
309.832764
309.687073
308.686554
309.355560
308.941833
309.917786
308.217651
308.192017
308.409088
307.637024
307.346405
307.348267
307.595612
307.699524
307.982941
307.899292
307.421661
307.164978
308.115417
308.388489
307.713043
307.562469
307.401794
305.996735
305.983612
307.899811
307.543152
308.050812
309.088867
309.219635
308.800385
309.510071
309.012848
310.035156
309.532959
309.529724
308.624420
308.859436
307.882782
308.725739
308.172150
307.893707
307.648499
307.004364
306.229980
305.865082
306.738861
305.733307
305.918671
305.056152
305.170349
304.856903
305.375153
304.623169
305.127808
304.526215
303.808563
303.294159
302.873901
303.784149
304.425140
303.923798
304.147034
305.420898
305.621460
304.269043
304.227509
304.121155
304.537811
303.577911
303.448090
303.157349
302.951141
302.643372
304.111908
304.153259
304.285461
305.853577
305.732635
305.681274
305.145294
305.955048
305.935822
306.325287
305.514130
306.317688
306.221283
307.176422
307.903656
308.438141
309.312195
309.251709
308.018219
308.843536
310.103546
309.513153
310.137756
311.219147
311.064606
310.714325
311.486206
311.950836
311.909698
311.707855
311.541321
311.950287
311.552582
310.833069
309.026093
308.478668
308.063110
307.699463
308.094360
308.105682
307.469025
307.786774
307.836304
309.627136
309.631561
310.353668
310.267731
310.960541
310.949127
310.579803
310.705536
310.518463
310.824158
311.099915
311.952942
311.443024
311.616791
311.407135
311.749237
311.477295
312.547821
313.217316
313.232513
312.184723
311.972992
310.763214
310.760406
311.988312
313.058350
313.562958
313.397491
313.927338
314.202911
314.694031
313.493103
314.508820
313.703613
314.295380
314.255951
313.976013
313.213684
313.001770
312.681122
311.758881
311.186188
311.143585
311.421509
309.764587
309.816101
310.531952
310.226685
308.954712
308.343628
307.853180
308.360016
308.742065
309.333496
309.263641
308.578766
308.444366
308.595245
308.302765
308.218079
308.093292
308.838684
309.372375
309.242554
309.096313
308.866730
309.152069
309.751373
310.811188
309.584717
308.780762
309.594116
310.329590
309.796082
310.236542
311.270081
312.091064
311.864502
311.952271
312.124420
311.051941
311.227814
310.796722
311.894958
312.241302
312.604034
312.709808
313.480621
313.940125
